1.459765233608793
1.459765233608793
1.459765233608793
1.459765233608793
1.459765233608793
1.459765233608793
1.8461540769291074
1.8461540769291074
1.8461540769291074
1.8461540769291074
2.1898417381474222
2.1898417381474222
2.1898417381474222
2.1898417381474222
2.1898417381474222
2.1898417381474222
2.3602560274148345
2.3602560274148345
2.655099558609407
2.655099558609407
2.655099558609407
3.3500108090018794
3.3500108090018794
3.3500108090018794
3.3500108090018794
3.3500108090018794
3.3500108090018794
3.3500108090018794
3.3500108090018794
3.3500108090018794
3.3500108090018794
3.3500108090018794
3.3500108090018794
3.3500108090018794
3.3500108090018794
3.3500108090018794
3.3500108090018794
3.3500108090018794
3.3500108090018794
3.3500108090018794
3.3500108090018794
3.3500108090018794
3.3500108090018794
3.3500108090018794
3.3500108090018794
3.3500108090018794
3.3500108090018794
3.3500108090018794
3.3500108090018794
3.3500108090018794
3.3500108090018794
3.3500108090018794
3.3500108090018794
3.3500108090018794
3.3500108090018794
3.3500108090018794
3.3500108090018794
3.3500108090018794
3.3500108090018794
3.3500108090018794
3.3500108090018794
3.3500108090018794
3.3500108090018794
3.3500108090018794
3.3500108090018794
3.3500108090018794
3.3500108090018794
3.3500108090018794
3.3500108090018794
3.3500108090018794
3.3500108090018794
3.3500108090018794
3.3500108090018794
3.3500108090018794
3.3500108090018794
3.3500108090018794
3.3500108090018794
3.3500108090018794
3.3500108090018794
3.3500108090018794
3.3500108090018794
3.3500108090018794
3.3500108090018794
3.3500108090018794
3.3500108090018794
3.3500108090018794
3.3500108090018794
3.3500108090018794
3.3500108090018794
3.3500108090018794
3.3500108090018794
3.3500108090018794
3.3500108090018794
3.3500108090018794
3.657101187009167
3.657101187009167
3.6898569137706785
3.6898569137706785
3.6898569137706785
3.6898569137706785
3.6898569137706785

