1.0783355266740535
1.0783355266740535
1.0783355266740535
1.1474235385318527
1.1474235385318527
1.1474235385318527
1.3205556439730748
1.3205556439730748
1.3205556439730748
1.3205556439730748
2.332410214658787
2.332410214658787
2.332410214658787
2.332410214658787
2.332410214658787
2.332410214658787
2.332410214658787
2.332410214658787
2.332410214658787
2.332410214658787
2.332410214658787
2.332410214658787
2.332410214658787
2.332410214658787
2.332410214658787
2.332410214658787
2.332410214658787
2.332410214658787
2.332410214658787
2.332410214658787
2.332410214658787
2.332410214658787
2.332410214658787
2.332410214658787
2.332410214658787
2.332410214658787
2.332410214658787
2.332410214658787
2.332410214658787
2.332410214658787
2.332410214658787
2.332410214658787
2.332410214658787
2.332410214658787
2.332410214658787
2.332410214658787
2.332410214658787
2.332410214658787
2.332410214658787
2.332410214658787
2.332410214658787
2.332410214658787
2.332410214658787
2.332410214658787
2.332410214658787
2.332410214658787
2.332410214658787
2.332410214658787
2.332410214658787
2.332410214658787
2.332410214658787
2.332410214658787
2.332410214658787
2.332410214658787
2.332410214658787
2.332410214658787
2.332410214658787
2.332410214658787
2.332410214658787
2.770999202819508
2.770999202819508
2.770999202819508
2.770999202819508
2.770999202819508
2.770999202819508
2.770999202819508
2.770999202819508
2.770999202819508
2.770999202819508
2.770999202819508
2.770999202819508
2.770999202819508
2.770999202819508
2.770999202819508
2.770999202819508
2.770999202819508
2.770999202819508
2.770999202819508
2.770999202819508
2.770999202819508
2.770999202819508
2.770999202819508
2.770999202819508
3.168361612703738
3.168361612703738
3.168361612703738
3.168361612703738
3.168361612703738
3.168361612703738
3.168361612703738
3.168361612703738
3.168361612703738
3.168361612703738
3.168361612703738
3.224960832332549
3.224960832332549
3.224960832332549
3.5697967301285547
3.965303700704312
3.965303700704312
3.965303700704312
3.965303700704312
3.965303700704312
3.965303700704312
3.965303700704312
3.965303700704312
3.965303700704312
3.965303700704312
3.965303700704312
3.965303700704312
3.965303700704312
3.965303700704312
3.965303700704312
3.965303700704312
3.965303700704312
3.965303700704312
3.965303700704312
4.447442178988123
4.447442178988123
4.447442178988123
4.447442178988123
4.447442178988123
4.447442178988123
4.447442178988123
4.447442178988123
4.447442178988123
4.447442178988123
4.447442178988123
4.447442178988123
4.447442178988123
4.447442178988123
4.447442178988123
4.447442178988123
4.447442178988123
4.447442178988123
4.447442178988123
4.447442178988123
4.447442178988123
4.447442178988123
4.447442178988123
4.447442178988123
4.447442178988123
4.447442178988123
4.447442178988123
4.447442178988123
4.447442178988123
4.447442178988123
4.447442178988123
4.447442178988123
4.447442178988123
4.447442178988123
4.447442178988123
4.447442178988123
4.447442178988123
4.447442178988123
4.447442178988123
4.447442178988123
4.447442178988123
4.447442178988123
4.447442178988123
4.447442178988123
4.447442178988123
4.447442178988123
4.447442178988123
4.447442178988123
4.447442178988123
4.447442178988123
4.447442178988123
4.447442178988123
4.447442178988123
4.447442178988123
4.447442178988123
4.447442178988123
4.447442178988123
4.447442178988123
4.447442178988123
4.447442178988123
4.447442178988123
4.447442178988123
4.447442178988123
4.447442178988123
4.447442178988123
4.447442178988123
4.447442178988123
4.447442178988123
4.447442178988123
4.447442178988123
4.447442178988123
4.447442178988123
4.447442178988123
4.447442178988123
4.447442178988123
4.447442178988123
4.447442178988123
4.447442178988123
4.447442178988123
4.447442178988123
4.447442178988123
4.447442178988123
4.447442178988123
4.447442178988123
4.447442178988123
4.447442178988123
4.447442178988123
4.447442178988123
4.447442178988123
4.447442178988123
4.447442178988123
4.447442178988123
4.447442178988123
4.447442178988123
4.447442178988123
4.447442178988123
4.447442178988123
4.447442178988123
4.447442178988123
4.447442178988123
4.447442178988123
4.447442178988123
4.447442178988123
4.447442178988123
4.447442178988123
4.447442178988123
4.447442178988123
4.447442178988123
4.447442178988123
4.447442178988123
4.447442178988123
4.447442178988123
4.447442178988123
4.447442178988123
4.447442178988123
4.447442178988123
4.447442178988123
4.447442178988123
4.447442178988123
4.447442178988123
4.447442178988123
4.447442178988123
4.447442178988123
4.447442178988123
4.447442178988123
4.447442178988123
4.447442178988123
4.447442178988123
4.447442178988123
4.447442178988123
4.447442178988123
4.447442178988123
4.447442178988123
4.447442178988123
4.447442178988123
4.447442178988123
4.447442178988123
4.447442178988123
4.447442178988123
4.447442178988123
4.447442178988123
4.447442178988123
4.447442178988123
4.447442178988123
4.447442178988123
4.447442178988123
4.447442178988123
4.447442178988123
4.447442178988123
4.447442178988123
4.447442178988123
4.447442178988123
4.447442178988123
4.447442178988123
4.447442178988123
4.447442178988123
4.447442178988123
4.447442178988123
4.447442178988123
4.447442178988123
4.447442178988123
4.447442178988123
4.447442178988123
4.447442178988123
4.447442178988123
4.447442178988123
4.447442178988123
4.447442178988123
4.447442178988123
4.447442178988123
4.447442178988123
4.447442178988123
4.447442178988123
4.447442178988123
4.447442178988123
4.447442178988123
4.447442178988123
4.447442178988123
4.447442178988123
4.447442178988123
4.447442178988123
4.447442178988123
4.447442178988123
4.447442178988123
4.447442178988123
4.447442178988123
4.447442178988123
4.447442178988123
4.447442178988123
4.447442178988123
4.447442178988123
4.447442178988123
4.447442178988123
4.447442178988123
4.447442178988123
4.447442178988123
4.447442178988123
4.447442178988123
4.447442178988123
4.447442178988123
4.447442178988123
4.447442178988123
4.447442178988123
4.447442178988123
4.447442178988123
4.447442178988123
4.447442178988123
4.447442178988123
4.447442178988123
4.447442178988123
4.447442178988123
4.447442178988123
4.447442178988123
4.447442178988123
4.447442178988123
4.447442178988123
4.447442178988123
4.447442178988123
4.447442178988123
4.447442178988123
4.447442178988123
4.447442178988123
4.447442178988123
4.447442178988123
4.447442178988123
4.447442178988123
4.447442178988123
4.447442178988123
4.447442178988123
4.447442178988123
4.447442178988123
4.447442178988123
4.447442178988123
4.447442178988123
4.447442178988123
4.447442178988123
4.447442178988123
4.447442178988123
4.447442178988123
4.447442178988123
4.447442178988123
4.447442178988123
4.447442178988123
4.447442178988123
4.447442178988123
4.447442178988123
4.447442178988123
4.447442178988123
4.447442178988123
4.447442178988123
4.447442178988123
4.447442178988123
4.447442178988123
4.447442178988123
4.447442178988123
4.447442178988123
4.447442178988123
4.447442178988123
4.447442178988123
4.447442178988123
4.447442178988123
4.447442178988123
4.447442178988123
4.447442178988123
4.447442178988123
4.447442178988123
4.447442178988123
4.447442178988123
4.447442178988123
4.447442178988123
4.447442178988123
4.447442178988123
4.447442178988123
4.447442178988123
4.447442178988123
4.447442178988123
4.447442178988123
4.447442178988123
4.447442178988123
4.447442178988123
4.447442178988123
4.447442178988123
4.447442178988123
4.447442178988123
4.447442178988123
4.447442178988123
4.447442178988123
4.447442178988123
4.447442178988123
4.447442178988123
4.447442178988123
4.447442178988123
4.447442178988123
4.447442178988123
4.447442178988123
4.447442178988123
4.447442178988123
4.447442178988123
4.447442178988123
4.447442178988123
4.447442178988123
4.447442178988123
4.447442178988123
4.447442178988123
4.447442178988123
4.447442178988123
4.447442178988123
4.447442178988123
4.447442178988123
4.447442178988123
4.447442178988123
4.447442178988123
4.447442178988123
4.447442178988123
4.447442178988123
4.447442178988123
4.447442178988123
4.447442178988123
4.447442178988123
4.447442178988123
4.447442178988123
4.447442178988123
4.447442178988123
4.447442178988123
4.447442178988123
4.447442178988123
4.447442178988123
4.447442178988123
4.447442178988123
4.447442178988123
4.447442178988123
4.447442178988123
4.447442178988123
4.447442178988123
4.447442178988123
4.447442178988123
4.447442178988123
4.447442178988123
4.447442178988123
4.447442178988123
4.447442178988123
4.447442178988123
4.447442178988123
4.447442178988123
4.447442178988123
4.447442178988123
4.447442178988123
4.447442178988123
4.447442178988123
4.447442178988123
4.447442178988123
4.447442178988123
4.447442178988123
4.447442178988123
4.447442178988123
4.447442178988123
4.447442178988123
4.447442178988123
4.447442178988123
4.447442178988123
4.447442178988123
4.447442178988123
4.447442178988123
4.447442178988123
4.447442178988123
4.447442178988123
4.447442178988123
4.447442178988123
4.447442178988123
4.447442178988123
4.447442178988123
4.447442178988123
4.447442178988123
4.447442178988123
