0.7615087932059845
1.8817671810073633
1.8817671810073633
1.8817671810073633
1.8817671810073633
1.8817671810073633
2.5622929672949186
2.5622929672949186
2.7705638622218025
2.7705638622218025
2.7705638622218025
2.7705638622218025
2.7705638622218025
2.7705638622218025
2.7705638622218025
2.7705638622218025
2.7705638622218025
2.7705638622218025
2.7705638622218025
2.7705638622218025
2.7705638622218025
2.7705638622218025
2.7705638622218025
2.7705638622218025
2.7705638622218025
2.7705638622218025
2.7705638622218025
3.6505679252110155
3.6505679252110155
3.6505679252110155
3.6505679252110155
3.6505679252110155
3.6505679252110155
4.139205626022906
4.139205626022906
4.139205626022906
4.139205626022906
4.261522160389847
4.261522160389847
4.261522160389847
4.261522160389847
4.261522160389847
4.261522160389847
4.261522160389847
4.261522160389847
4.261522160389847
4.261522160389847
4.261522160389847
4.261522160389847
4.261522160389847
4.261522160389847
4.261522160389847
4.261522160389847
4.261522160389847
4.261522160389847
4.261522160389847
4.261522160389847
4.261522160389847
4.450537900407693
4.450537900407693
4.450537900407693
4.450537900407693
4.450537900407693
4.450537900407693
4.450537900407693
4.450537900407693
4.450537900407693
4.450537900407693
4.450537900407693
4.450537900407693
4.450537900407693
4.503214213136653
4.503214213136653
4.503214213136653
4.503214213136653
4.503214213136653
4.503214213136653
5.099164386140484
5.099164386140484
5.099164386140484
5.099164386140484
5.099164386140484
5.099164386140484
5.099164386140484
5.099164386140484
5.099164386140484
5.099164386140484
5.099164386140484
5.099164386140484
5.099164386140484
5.099164386140484
5.099164386140484
5.099164386140484
5.099164386140484
5.099164386140484
5.099164386140484
5.099164386140484
5.099164386140484
5.099164386140484
5.099164386140484
5.099164386140484
5.099164386140484
5.099164386140484
5.2240232542112
5.2240232542112
5.2240232542112
5.384643753572678
5.384643753572678
5.759197731699677
5.759197731699677
5.759197731699677
5.759197731699677
5.759197731699677
5.759197731699677
5.759197731699677
5.759197731699677
5.759197731699677
5.759197731699677
5.759197731699677
5.759197731699677
5.759197731699677
5.759197731699677
5.759197731699677
5.759197731699677
5.759197731699677
5.759197731699677
5.759197731699677
5.759197731699677
5.759197731699677
5.759197731699677
5.759197731699677
5.759197731699677
5.759197731699677
5.759197731699677
5.759197731699677
5.759197731699677
5.759197731699677
5.759197731699677
5.759197731699677
5.759197731699677
5.759197731699677
5.759197731699677
5.759197731699677
5.759197731699677
5.759197731699677
5.759197731699677
5.759197731699677
5.759197731699677
5.759197731699677
5.759197731699677
5.759197731699677
5.759197731699677
5.759197731699677
5.759197731699677
5.759197731699677
5.759197731699677
5.759197731699677
5.759197731699677
5.759197731699677
5.759197731699677
5.759197731699677
5.759197731699677
5.759197731699677
5.759197731699677
5.759197731699677
5.759197731699677
5.759197731699677
5.759197731699677
5.759197731699677
5.759197731699677
5.759197731699677
5.759197731699677
5.759197731699677
5.759197731699677
5.759197731699677
5.759197731699677
5.759197731699677
5.759197731699677
5.759197731699677
5.788191061552227
5.788191061552227
5.788191061552227
5.978835437294956
5.978835437294956
5.978835437294956
5.978835437294956
5.978835437294956
5.978835437294956
5.978835437294956
5.978835437294956
5.978835437294956
5.978835437294956
5.978835437294956
5.978835437294956
5.978835437294956
5.978835437294956
5.978835437294956
5.978835437294956
5.978835437294956
5.978835437294956
5.978835437294956
5.978835437294956
5.978835437294956
5.978835437294956
5.978835437294956
5.978835437294956
5.978835437294956
5.978835437294956
5.978835437294956
5.978835437294956
5.978835437294956
5.978835437294956
5.978835437294956
5.978835437294956
5.978835437294956
5.978835437294956
5.978835437294956
5.978835437294956
5.978835437294956
5.978835437294956
5.978835437294956
5.978835437294956
5.978835437294956
5.978835437294956
5.978835437294956
5.978835437294956
5.978835437294956
5.978835437294956
5.978835437294956
5.978835437294956
5.978835437294956
5.978835437294956
5.978835437294956
5.978835437294956
5.978835437294956
5.978835437294956
5.978835437294956
5.978835437294956
6.03608863612193
6.03608863612193
6.03608863612193
6.03608863612193
6.03608863612193
6.03608863612193
6.03608863612193
6.23016877096852
6.23016877096852
6.23016877096852
6.23016877096852
6.23016877096852
6.23016877096852
6.23016877096852
6.23016877096852
6.23016877096852
6.23016877096852
6.23016877096852
6.23016877096852
6.23016877096852
6.23016877096852
6.23016877096852
6.23016877096852
6.23016877096852
6.23016877096852
6.23016877096852
6.23016877096852
6.23016877096852
6.23016877096852
6.23016877096852
6.23016877096852
6.23016877096852
6.23016877096852
6.23016877096852
6.23016877096852
6.23016877096852
6.23016877096852
6.23016877096852
6.23016877096852
6.23016877096852
6.23016877096852
6.23016877096852
6.23016877096852
6.23016877096852
6.23016877096852
6.23016877096852
6.23016877096852
6.23016877096852
6.23016877096852
6.23016877096852
6.23016877096852
6.314894721086317
6.314894721086317
6.314894721086317
6.314894721086317
6.314894721086317
6.314894721086317
6.314894721086317
6.314894721086317
6.314894721086317
6.314894721086317
6.314894721086317
6.314894721086317
6.314894721086317
6.314894721086317
6.314894721086317
6.314894721086317
6.314894721086317
6.314894721086317
6.314894721086317
6.314894721086317
6.314894721086317
6.314894721086317
6.314894721086317
6.314894721086317
6.314894721086317
6.314894721086317
6.314894721086317
6.314894721086317
6.314894721086317
6.314894721086317
6.314894721086317
6.314894721086317
6.314894721086317
6.314894721086317
6.314894721086317
6.314894721086317
6.314894721086317
6.314894721086317
6.314894721086317
6.314894721086317
6.314894721086317
6.314894721086317
6.314894721086317
6.314894721086317
6.314894721086317
6.314894721086317
6.314894721086317
6.314894721086317
6.314894721086317
6.314894721086317
6.314894721086317
6.314894721086317
6.314894721086317
6.314894721086317
6.314894721086317
6.314894721086317
6.314894721086317
6.314894721086317
6.314894721086317
6.314894721086317
6.314894721086317
6.314894721086317
6.314894721086317
6.432775545175783
6.432775545175783
6.432775545175783
6.432775545175783
6.432775545175783
6.432775545175783
6.432775545175783
6.432775545175783
6.432775545175783
6.432775545175783
6.432775545175783
6.432775545175783
6.432775545175783
6.432775545175783
6.432775545175783
6.432775545175783
6.432775545175783
6.432775545175783
6.432775545175783
6.432775545175783
6.432775545175783
6.432775545175783
6.432775545175783
6.432775545175783
6.432775545175783
6.432775545175783
6.432775545175783
6.432775545175783
6.432775545175783
6.432775545175783
6.432775545175783
6.432775545175783
6.432775545175783
6.432775545175783
6.432775545175783
6.432775545175783
6.432775545175783
6.432775545175783
6.432775545175783
6.432775545175783
6.432775545175783
6.432775545175783
6.432775545175783
6.432775545175783
6.432775545175783
6.432775545175783
6.432775545175783
6.432775545175783
6.432775545175783
6.432775545175783
6.432775545175783
6.432775545175783
6.432775545175783
6.432775545175783
6.432775545175783
6.432775545175783
6.432775545175783
6.432775545175783
6.432775545175783
6.432775545175783
6.432775545175783
6.432775545175783
6.432775545175783
6.432775545175783
6.432775545175783
6.432775545175783
6.432775545175783
6.432775545175783
6.585593151354847
6.585593151354847
6.585593151354847
6.585593151354847
6.585593151354847
6.585593151354847
6.585593151354847
6.839874320719425
6.839874320719425
6.839874320719425
7.06388458663496
7.06388458663496
7.06388458663496
7.06388458663496
7.06388458663496
7.06388458663496
7.06388458663496
7.06388458663496
7.06388458663496
7.06388458663496
7.06388458663496
7.06388458663496
7.06388458663496
7.06388458663496
7.06388458663496
7.06388458663496
7.06388458663496
7.06388458663496
7.06388458663496
7.06388458663496
7.06388458663496
7.06388458663496
7.06388458663496
7.06388458663496
7.06388458663496
7.06388458663496
7.06388458663496
7.06388458663496
7.06388458663496
7.06388458663496
7.06388458663496
7.06388458663496
7.06388458663496
7.06388458663496
7.06388458663496
7.06388458663496
7.06388458663496
7.06388458663496
7.06388458663496
7.06388458663496
7.06388458663496
7.06388458663496
7.06388458663496
7.06388458663496
7.06388458663496
7.06388458663496
7.06388458663496
7.06388458663496
7.06388458663496
7.06388458663496
7.06388458663496
7.06388458663496
7.06388458663496
7.06388458663496
7.06388458663496
7.06388458663496
7.06388458663496
7.06388458663496
7.06388458663496
7.06388458663496
7.06388458663496
7.06388458663496
7.06388458663496
7.06388458663496
7.06388458663496
7.06388458663496
7.06388458663496
7.06388458663496
7.06388458663496
7.06388458663496
7.06388458663496
