1.7122979058297552
2.6092109636795047
2.6092109636795047
2.9926408202840618
2.9926408202840618
2.9926408202840618
3.2431405646406732
3.2431405646406732
3.2431405646406732
3.2431405646406732
3.2431405646406732
3.2431405646406732
3.2431405646406732
3.2431405646406732
3.2431405646406732
3.2431405646406732
3.2431405646406732
3.394849060889925
3.394849060889925
3.394849060889925
3.394849060889925
3.394849060889925
3.394849060889925
3.394849060889925
3.394849060889925
3.394849060889925
3.394849060889925
3.394849060889925
3.394849060889925
3.394849060889925
3.394849060889925
3.394849060889925
3.394849060889925
3.394849060889925
3.394849060889925
3.394849060889925
3.394849060889925
3.394849060889925
3.394849060889925
3.394849060889925
3.394849060889925
3.394849060889925
3.394849060889925
3.394849060889925
3.6476882442351712
3.6476882442351712
3.6476882442351712
3.6476882442351712
3.825992049666338
3.825992049666338
3.825992049666338
4.093470619319058
4.093470619319058
4.093470619319058
4.093470619319058
4.206481187332723
4.206481187332723
4.206481187332723
4.206481187332723
4.21017502426669
4.21017502426669
4.21017502426669
4.21017502426669
4.21017502426669
4.21017502426669
4.21017502426669
4.21017502426669
4.21017502426669
4.21017502426669
4.21017502426669
4.21017502426669
4.21017502426669
4.21017502426669
4.21017502426669
4.21017502426669
4.21017502426669
4.21017502426669
4.21017502426669
4.21017502426669
4.21017502426669
4.21017502426669
4.21017502426669
4.21017502426669
4.21017502426669
4.21017502426669
4.21017502426669
4.21017502426669
4.21017502426669
4.21017502426669
4.21017502426669
4.21017502426669
4.21017502426669
4.21017502426669
4.21017502426669
4.21017502426669
4.21017502426669
4.21017502426669
4.21017502426669
4.21017502426669
4.21017502426669
4.21017502426669
4.21017502426669
4.21017502426669
4.21017502426669
4.21017502426669
4.21017502426669
4.21017502426669
4.21017502426669
4.21017502426669
4.21017502426669
4.21017502426669
4.21017502426669
4.21017502426669
4.21017502426669
4.21017502426669
4.21017502426669
4.21017502426669
4.21017502426669
4.21017502426669
4.21017502426669
4.21017502426669
4.21017502426669
4.21017502426669
4.663467434464819
4.663467434464819
4.663467434464819
4.663467434464819
4.663467434464819
4.663467434464819
4.663467434464819
4.663467434464819
4.663467434464819
4.663467434464819
4.663467434464819
4.663467434464819
4.663467434464819
4.663467434464819
4.663467434464819
4.663467434464819
4.663467434464819
4.663467434464819
4.663467434464819
4.663467434464819
4.663467434464819
4.663467434464819
4.663467434464819
4.663467434464819
4.663467434464819
4.663467434464819
4.663467434464819
4.663467434464819
4.663467434464819
4.663467434464819
4.663467434464819
4.663467434464819
4.663467434464819
4.663467434464819
4.663467434464819
4.663467434464819
4.663467434464819
4.663467434464819
4.663467434464819
4.663467434464819
4.663467434464819
4.663467434464819
4.663467434464819
4.663467434464819
4.663467434464819
4.663467434464819
4.663467434464819
4.663467434464819
4.663467434464819
4.663467434464819
4.663467434464819
4.663467434464819
4.663467434464819
4.663467434464819
4.663467434464819
4.663467434464819
4.663467434464819
4.663467434464819
4.663467434464819
4.663467434464819
4.663467434464819
4.663467434464819
4.663467434464819
4.663467434464819
4.663467434464819
4.663467434464819
4.663467434464819
4.663467434464819
4.663467434464819
4.663467434464819
4.663467434464819
4.663467434464819
4.663467434464819
4.663467434464819
4.663467434464819
4.663467434464819
4.663467434464819
4.663467434464819
4.663467434464819
4.663467434464819
4.663467434464819
4.663467434464819
4.663467434464819
4.663467434464819
4.663467434464819
4.663467434464819
4.663467434464819
4.663467434464819
4.663467434464819
4.663467434464819
4.663467434464819
4.663467434464819
4.663467434464819
4.663467434464819
4.663467434464819
4.663467434464819
4.663467434464819
4.663467434464819
4.663467434464819
4.663467434464819
4.663467434464819
4.663467434464819
4.663467434464819
4.663467434464819
4.663467434464819
4.663467434464819
4.663467434464819
4.663467434464819
4.663467434464819
4.663467434464819
4.663467434464819
4.663467434464819
4.663467434464819
4.663467434464819
4.663467434464819
4.663467434464819
4.663467434464819
4.663467434464819
4.663467434464819
4.663467434464819
4.663467434464819
4.663467434464819
4.663467434464819
4.663467434464819
4.663467434464819
4.663467434464819
4.663467434464819
4.663467434464819
4.663467434464819
4.663467434464819
4.663467434464819
4.663467434464819
4.663467434464819
4.663467434464819
4.663467434464819
4.663467434464819
4.663467434464819
4.663467434464819
4.663467434464819
4.663467434464819
4.663467434464819
4.663467434464819
4.663467434464819
4.663467434464819
4.663467434464819
4.663467434464819
4.663467434464819
4.663467434464819
4.663467434464819
4.663467434464819
4.663467434464819
4.663467434464819
4.663467434464819
4.663467434464819
4.663467434464819
4.663467434464819
4.663467434464819
4.663467434464819
4.663467434464819
4.663467434464819
4.663467434464819
4.663467434464819
4.663467434464819
4.663467434464819
4.663467434464819
4.663467434464819
4.663467434464819
4.663467434464819
4.663467434464819
4.663467434464819
4.663467434464819
4.663467434464819
4.663467434464819
4.663467434464819
4.663467434464819
4.663467434464819
4.663467434464819
4.663467434464819
4.663467434464819
4.663467434464819
4.663467434464819
4.663467434464819
4.663467434464819
4.663467434464819
4.663467434464819
4.663467434464819
4.663467434464819
4.663467434464819
4.663467434464819
4.663467434464819
4.663467434464819
4.663467434464819
4.663467434464819
4.663467434464819
4.663467434464819
4.663467434464819
4.663467434464819
4.663467434464819
4.663467434464819
4.663467434464819
4.663467434464819
4.663467434464819
4.663467434464819
4.663467434464819
4.663467434464819
4.663467434464819
4.663467434464819
4.663467434464819
4.663467434464819
4.663467434464819
4.663467434464819
4.663467434464819
4.663467434464819
4.663467434464819
4.663467434464819
4.663467434464819
4.663467434464819
4.663467434464819
4.663467434464819
4.663467434464819
4.663467434464819
4.663467434464819
4.663467434464819
4.663467434464819
4.663467434464819
4.663467434464819
4.663467434464819
4.663467434464819
4.663467434464819
4.663467434464819
4.663467434464819
4.663467434464819
4.663467434464819
4.663467434464819
4.663467434464819
4.663467434464819
4.663467434464819
4.663467434464819
4.663467434464819
4.663467434464819
4.663467434464819
4.663467434464819
4.663467434464819
4.663467434464819
4.663467434464819
4.663467434464819
4.663467434464819
4.663467434464819
4.663467434464819
4.663467434464819
4.663467434464819
4.663467434464819
4.663467434464819
4.663467434464819
4.663467434464819
4.663467434464819
4.663467434464819
4.663467434464819
4.663467434464819
4.663467434464819
4.68349233737659
4.68349233737659
4.68349233737659
4.68349233737659
4.68349233737659
4.68349233737659
4.68349233737659
4.68349233737659
4.68349233737659
4.68349233737659
4.68349233737659
4.68349233737659
4.68349233737659
4.68349233737659
4.68349233737659
4.68349233737659
4.68349233737659
4.68349233737659
4.68349233737659
4.68349233737659
4.68349233737659
4.884287839593068
4.884287839593068
4.884287839593068
4.884287839593068
4.884287839593068
4.884287839593068
4.927980465750881
4.927980465750881
4.927980465750881
4.927980465750881
4.927980465750881
4.927980465750881
4.927980465750881
4.927980465750881
4.927980465750881
4.927980465750881
4.927980465750881
4.927980465750881
4.927980465750881
4.927980465750881
4.927980465750881
4.927980465750881
4.927980465750881
4.927980465750881
4.927980465750881
5.036936165096756
5.036936165096756
5.036936165096756
5.036936165096756
5.036936165096756
5.036936165096756
5.036936165096756
5.036936165096756
5.036936165096756
5.036936165096756
5.036936165096756
5.036936165096756
5.036936165096756
5.121945524080279
5.121945524080279
5.121945524080279
5.121945524080279
5.121945524080279
5.121945524080279
5.121945524080279
5.121945524080279
5.121945524080279
5.121945524080279
5.121945524080279
5.121945524080279
5.121945524080279
5.121945524080279
5.441358518429871
5.441358518429871
5.441358518429871
5.441358518429871
5.441358518429871
5.441358518429871
5.441358518429871
5.441358518429871
5.441358518429871
5.441358518429871
5.441358518429871
5.441358518429871
5.441358518429871
5.441358518429871
5.441358518429871
5.441358518429871
5.441358518429871
5.441358518429871
5.441358518429871
5.441358518429871
5.441358518429871
5.441358518429871
5.441358518429871
5.441358518429871
5.441358518429871
5.441358518429871
5.441358518429871
5.441358518429871
5.441358518429871
5.441358518429871
5.441358518429871
5.441358518429871
5.441358518429871
5.441358518429871
5.441358518429871
5.441358518429871
5.441358518429871
5.441358518429871
5.441358518429871
5.441358518429871
5.441358518429871
5.441358518429871
5.441358518429871
5.441358518429871
5.441358518429871
