1.7115894295550291
1.7115894295550291
1.7115894295550291
1.7115894295550291
1.7115894295550291
1.7115894295550291
1.7115894295550291
1.7115894295550291
1.7115894295550291
1.7115894295550291
1.7115894295550291
1.7873318968456187
1.7873318968456187
1.7873318968456187
1.7873318968456187
1.7873318968456187
1.7873318968456187
1.7873318968456187
2.5986167055094955
2.5986167055094955
2.5986167055094955
2.5986167055094955
2.5986167055094955
2.5986167055094955
2.5986167055094955
2.5986167055094955
2.5986167055094955
2.5986167055094955
2.5986167055094955
2.5986167055094955
2.5986167055094955
2.5986167055094955
2.5986167055094955
2.5986167055094955
2.5986167055094955
2.5986167055094955
2.5986167055094955
2.5986167055094955
2.5986167055094955
2.5986167055094955
2.5986167055094955
2.5986167055094955
2.5986167055094955
2.5986167055094955
2.5986167055094955
2.5986167055094955
2.5986167055094955
2.5986167055094955
2.5986167055094955
2.5986167055094955
2.5986167055094955
2.5986167055094955
2.5986167055094955
2.5986167055094955
2.5986167055094955
2.777770937372686
2.777770937372686
2.777770937372686
2.777770937372686
2.777770937372686
2.777770937372686
2.777770937372686
2.777770937372686
2.777770937372686
2.777770937372686
2.777770937372686
2.777770937372686
2.777770937372686
2.777770937372686
2.777770937372686
2.777770937372686
2.777770937372686
2.777770937372686
2.777770937372686
2.777770937372686
2.777770937372686
2.777770937372686
2.777770937372686
2.777770937372686
2.777770937372686
2.777770937372686
2.777770937372686
2.777770937372686
2.777770937372686
2.777770937372686
2.777770937372686
2.777770937372686
2.777770937372686
2.777770937372686
2.777770937372686
2.777770937372686
2.777770937372686
2.777770937372686
2.777770937372686
2.777770937372686
3.305807605717406
3.305807605717406
3.305807605717406
3.305807605717406
3.305807605717406
3.305807605717406
3.305807605717406
3.305807605717406
3.305807605717406
3.305807605717406
3.305807605717406
3.305807605717406
3.305807605717406
3.305807605717406
3.305807605717406
3.305807605717406
3.305807605717406
3.305807605717406
3.305807605717406
3.305807605717406
3.305807605717406
3.305807605717406
3.305807605717406
3.305807605717406
3.305807605717406
3.305807605717406
3.305807605717406
3.305807605717406
3.305807605717406
3.305807605717406
3.305807605717406
3.305807605717406
3.305807605717406
3.305807605717406
3.305807605717406
3.305807605717406
3.305807605717406
3.305807605717406
3.305807605717406
3.305807605717406
3.305807605717406
3.305807605717406
3.305807605717406
3.305807605717406
3.305807605717406
3.3891999369684216
3.3891999369684216
3.3891999369684216
3.3891999369684216
3.3891999369684216
3.3891999369684216
3.3891999369684216
3.3891999369684216
3.3891999369684216
3.3891999369684216
3.3891999369684216
3.3891999369684216
3.3891999369684216
3.3891999369684216
3.3891999369684216
3.3891999369684216
3.3891999369684216
3.3891999369684216
3.3891999369684216
3.3891999369684216
3.3891999369684216
3.3891999369684216
3.3891999369684216
3.3891999369684216
3.3891999369684216
3.3891999369684216
3.3891999369684216
3.3891999369684216
3.3891999369684216
3.3891999369684216
3.3891999369684216
3.3891999369684216
3.3891999369684216
3.3891999369684216
3.3891999369684216
3.3891999369684216
3.3891999369684216
3.3891999369684216
3.3891999369684216
3.3891999369684216
3.3891999369684216
3.3891999369684216
3.3891999369684216
3.3891999369684216
3.3891999369684216
3.3891999369684216
3.3891999369684216
3.3891999369684216
3.3891999369684216
3.3891999369684216
3.3891999369684216
3.3891999369684216
3.3891999369684216
3.3891999369684216
3.3891999369684216
3.3891999369684216
3.3891999369684216
3.3891999369684216
3.3891999369684216
3.3891999369684216
3.3891999369684216
3.3891999369684216
3.3891999369684216
3.3891999369684216
3.3891999369684216
3.3891999369684216
3.3891999369684216
3.3891999369684216
3.3891999369684216
3.3891999369684216
3.3891999369684216
3.3891999369684216
3.3891999369684216
3.3891999369684216
3.3891999369684216
3.3891999369684216
3.60323373834753
3.60323373834753
3.60323373834753
3.60323373834753
3.60323373834753
3.60323373834753
3.60323373834753
3.60323373834753
3.60323373834753
3.60323373834753
3.60323373834753
3.60323373834753
3.60323373834753
3.60323373834753
3.60323373834753
3.60323373834753
3.60323373834753
3.60323373834753
3.60323373834753
3.60323373834753
3.60323373834753
3.60323373834753
3.60323373834753
3.60323373834753
3.60323373834753
3.60323373834753
3.60323373834753
3.60323373834753
3.60323373834753
3.60323373834753
3.60323373834753
3.60323373834753
3.60323373834753
3.902473983496822
3.902473983496822
3.902473983496822
4.22258886447776
4.22258886447776
4.22258886447776
4.22258886447776
4.22258886447776
4.22258886447776
4.22258886447776
4.22258886447776
4.22258886447776
4.22258886447776
4.22258886447776
4.22258886447776
4.22258886447776
4.22258886447776
4.22258886447776
4.22258886447776
4.22258886447776
4.22258886447776
4.22258886447776
4.22258886447776
4.22258886447776
4.22258886447776
4.22258886447776
4.372011689489651
4.372011689489651
4.372011689489651
4.372011689489651
4.372011689489651
4.372011689489651
4.372011689489651
4.372011689489651
4.372011689489651
4.372011689489651
4.372011689489651
4.372011689489651
4.372011689489651
4.372011689489651
4.372011689489651
4.372011689489651
4.372011689489651
4.372011689489651
4.372011689489651
4.372011689489651
4.372011689489651
4.372011689489651
4.372011689489651
4.372011689489651
4.372011689489651
4.372011689489651
4.372011689489651
4.372011689489651
4.372011689489651
4.372011689489651
4.372011689489651
4.372011689489651
4.372011689489651
4.372011689489651
4.372011689489651
4.372011689489651
4.372011689489651
4.372011689489651
4.372011689489651
4.372011689489651
4.372011689489651
4.372011689489651
4.372011689489651
4.372011689489651
4.372011689489651
4.372011689489651
4.372011689489651
4.372011689489651
4.372011689489651
4.372011689489651
4.372011689489651
4.372011689489651
4.372011689489651
4.372011689489651
4.372011689489651
4.372011689489651
4.372011689489651
4.372011689489651
4.372011689489651
4.372011689489651
4.372011689489651
4.372011689489651
4.372011689489651
4.372011689489651
4.372011689489651
4.372011689489651
4.372011689489651
4.372011689489651
4.372011689489651
4.372011689489651
4.372011689489651
4.372011689489651
4.372011689489651
4.372011689489651
4.372011689489651
4.372011689489651
4.372011689489651
4.372011689489651
4.372011689489651
4.372011689489651
4.372011689489651
4.372011689489651
4.372011689489651
4.372011689489651
4.372011689489651
4.372011689489651
4.372011689489651
4.372011689489651
4.372011689489651
4.372011689489651
4.372011689489651
4.372011689489651
4.372011689489651
4.372011689489651
4.372011689489651
4.372011689489651
4.705414484549359
4.705414484549359
4.705414484549359
4.705414484549359
4.705414484549359
4.705414484549359
4.705414484549359
4.705414484549359
4.705414484549359
4.705414484549359
4.705414484549359
4.705414484549359
4.705414484549359
4.705414484549359
4.705414484549359
4.705414484549359
4.705414484549359
4.705414484549359
4.705414484549359
4.705414484549359
4.705414484549359
4.705414484549359
4.705414484549359
4.705414484549359
4.705414484549359
4.705414484549359
4.705414484549359
4.705414484549359
4.705414484549359
4.705414484549359
4.705414484549359
4.705414484549359
4.705414484549359
4.705414484549359
4.705414484549359
4.705414484549359
4.705414484549359
4.705414484549359
4.705414484549359
4.705414484549359
4.705414484549359
4.705414484549359
4.705414484549359
4.705414484549359
4.705414484549359
4.705414484549359
4.705414484549359
4.705414484549359
4.705414484549359
4.705414484549359
4.705414484549359
4.705414484549359
4.705414484549359
4.705414484549359
4.705414484549359
4.705414484549359
4.705414484549359
4.705414484549359
4.705414484549359
4.705414484549359
4.705414484549359
4.705414484549359
4.705414484549359
4.705414484549359
4.705414484549359
4.705414484549359
4.705414484549359
4.705414484549359
4.705414484549359
4.705414484549359
4.705414484549359
4.705414484549359
4.705414484549359
4.705414484549359
4.705414484549359
4.705414484549359
4.705414484549359
4.705414484549359
4.705414484549359
4.705414484549359
4.705414484549359
4.705414484549359
4.705414484549359
4.705414484549359
4.705414484549359
4.705414484549359
4.705414484549359
4.705414484549359
4.705414484549359
4.705414484549359
4.705414484549359
4.705414484549359
4.705414484549359
4.705414484549359
4.705414484549359
5.000177009715516
5.000177009715516
5.000177009715516
5.000177009715516
5.000177009715516
5.000177009715516
5.000177009715516
5.000177009715516
5.000177009715516
5.000177009715516
5.000177009715516
5.000177009715516
5.000177009715516
5.000177009715516
5.000177009715516
5.000177009715516
5.000177009715516
5.000177009715516
5.000177009715516
5.000177009715516
5.000177009715516
5.000177009715516
5.000177009715516
5.000177009715516
5.000177009715516
5.000177009715516
5.000177009715516
5.000177009715516
5.000177009715516
5.000177009715516
5.000177009715516
5.000177009715516
5.000177009715516
5.000177009715516
5.000177009715516
