0.4885086031698703
1.2076055262421554
1.2076055262421554
1.2076055262421554
1.2076055262421554
1.2076055262421554
1.2076055262421554
1.2076055262421554
1.2076055262421554
1.2076055262421554
1.261183233937687
1.307710452150217
1.307710452150217
1.307710452150217
1.307710452150217
1.307710452150217
1.307710452150217
1.307710452150217
1.4310399642130602
1.617260403438363
1.617260403438363
1.726658466050171
1.7643705253514115
1.7643705253514115
1.7643705253514115
1.7643705253514115
1.7643705253514115
1.7643705253514115
1.7643705253514115
1.7643705253514115
1.7643705253514115
1.7643705253514115
1.7643705253514115
1.7643705253514115
1.7643705253514115
1.7643705253514115
1.8438622366470232
1.8438622366470232
1.8438622366470232
1.8438622366470232
1.8438622366470232
1.8438622366470232
1.8438622366470232
1.8438622366470232
1.8438622366470232
2.1423708773541654
2.1423708773541654
2.1423708773541654
2.1423708773541654
2.1423708773541654
2.1423708773541654
2.1423708773541654
2.1423708773541654
2.1423708773541654
2.1423708773541654
2.1423708773541654
2.143493699968518
2.143493699968518
2.187693381422597
2.187693381422597
2.187693381422597
2.187693381422597
2.4912296642898126
2.4912296642898126
2.4912296642898126
2.4912296642898126
2.4912296642898126
2.4912296642898126
2.4912296642898126
2.4912296642898126
2.4912296642898126
2.4912296642898126
2.4912296642898126
2.4912296642898126
2.4912296642898126
2.4912296642898126
2.4912296642898126
2.4912296642898126
2.4912296642898126
2.4912296642898126
2.4912296642898126
2.4912296642898126
2.4912296642898126
2.4912296642898126
2.4912296642898126
2.4912296642898126
2.4912296642898126
2.4912296642898126
2.4912296642898126
2.4912296642898126
2.4912296642898126
2.4912296642898126
2.4912296642898126
2.4912296642898126
2.4912296642898126
2.4912296642898126
2.4912296642898126
2.4912296642898126
2.4912296642898126
2.4912296642898126
2.4912296642898126
2.4912296642898126
2.4912296642898126
2.4912296642898126
2.4912296642898126
2.4912296642898126
2.4912296642898126
2.4912296642898126
2.4912296642898126
2.4912296642898126
2.4912296642898126
2.4912296642898126
2.4912296642898126
2.4912296642898126
2.4912296642898126
2.4912296642898126
2.4912296642898126
2.4912296642898126
2.4912296642898126
2.4912296642898126
2.4912296642898126
2.4912296642898126
2.4912296642898126
2.4912296642898126
2.4912296642898126
2.4912296642898126
2.4912296642898126
2.4912296642898126
2.4912296642898126
2.8643970563815393
2.8643970563815393
2.8643970563815393
2.8643970563815393
3.1424186292107246
3.1424186292107246
3.1424186292107246
3.1424186292107246
3.1424186292107246
3.1424186292107246
3.1424186292107246
3.1424186292107246
3.1424186292107246
3.1424186292107246
3.1424186292107246
3.1424186292107246
3.1424186292107246
3.1424186292107246
3.1424186292107246
3.1424186292107246
3.1424186292107246
3.1424186292107246
3.1424186292107246
3.1424186292107246
3.1424186292107246
3.1424186292107246
3.1424186292107246
3.1424186292107246
3.1424186292107246
3.1424186292107246
3.1424186292107246
3.1424186292107246
3.1424186292107246
3.1424186292107246
3.1424186292107246
3.1424186292107246
3.1424186292107246
3.1424186292107246
3.1424186292107246
3.1424186292107246
3.1424186292107246
3.1424186292107246
3.1424186292107246
3.1424186292107246
3.1424186292107246
3.1424186292107246
3.1424186292107246
3.1424186292107246
3.1424186292107246
3.1424186292107246
3.1424186292107246
3.1424186292107246
3.1424186292107246
3.1424186292107246
3.1424186292107246
3.194334080970334
3.259505931768366
3.259505931768366
3.416293027835703
3.416293027835703
3.416293027835703
3.416293027835703
3.416293027835703
3.416293027835703
3.416293027835703
3.416293027835703
3.416293027835703
3.416293027835703
3.416293027835703
3.6030417329998574
3.6030417329998574
3.6030417329998574
3.6030417329998574
3.6030417329998574
3.6030417329998574
3.6030417329998574
3.6030417329998574
3.6030417329998574
3.6030417329998574
3.6030417329998574
3.6030417329998574
3.6030417329998574
3.6030417329998574
3.6030417329998574
3.6030417329998574
3.6030417329998574
3.6030417329998574
3.6030417329998574
3.6030417329998574
3.6030417329998574
3.6030417329998574
3.6030417329998574
3.6030417329998574
3.6030417329998574
3.6030417329998574
3.6030417329998574
3.6030417329998574
3.6030417329998574
3.6030417329998574
3.6030417329998574
3.6030417329998574
3.6030417329998574
3.6030417329998574
3.6030417329998574
3.6030417329998574
3.6030417329998574
3.6030417329998574
3.6030417329998574
3.6030417329998574
3.6030417329998574
3.6030417329998574
3.6030417329998574
3.6030417329998574
3.6030417329998574
3.6030417329998574
3.6030417329998574
3.6030417329998574
3.6030417329998574
3.6030417329998574
3.6030417329998574
3.6030417329998574
3.6030417329998574
3.6030417329998574
3.6030417329998574
3.6030417329998574
3.6030417329998574
3.6030417329998574
3.6030417329998574
3.6030417329998574
3.6030417329998574
3.6030417329998574
3.6030417329998574
3.6030417329998574
3.6030417329998574
3.6030417329998574
3.6030417329998574
3.6030417329998574
3.6030417329998574
3.6030417329998574
3.6030417329998574
3.6030417329998574
3.6030417329998574
3.6030417329998574
3.6030417329998574
3.6030417329998574
3.6030417329998574
3.6030417329998574
4.0413000090009135
4.0413000090009135
4.0413000090009135
4.2267217866999225
4.2267217866999225
4.2267217866999225
4.2267217866999225
4.2267217866999225
4.2267217866999225
4.2267217866999225
4.865290729804781
4.865290729804781
4.865290729804781
4.865290729804781
4.865290729804781
4.865290729804781
4.865290729804781
4.865290729804781
4.865290729804781
4.865290729804781
4.865290729804781
4.865290729804781
4.865290729804781
4.865290729804781
4.865290729804781
4.865290729804781
4.865290729804781
4.865290729804781
4.865290729804781
4.865290729804781
4.865290729804781
4.865290729804781
4.865290729804781
4.865290729804781
4.865290729804781
4.865290729804781
4.865290729804781
4.865290729804781
4.865290729804781
4.865290729804781
4.865290729804781
4.865290729804781
4.865290729804781
4.865290729804781
4.865290729804781
4.865290729804781
4.865290729804781
4.865290729804781
4.865290729804781
4.865290729804781
4.865290729804781
4.865290729804781
4.865290729804781
4.865290729804781
4.865290729804781
4.865290729804781
4.865290729804781
4.865290729804781
4.865290729804781
4.865290729804781
4.865290729804781
4.865290729804781
4.865290729804781
4.865290729804781
4.865290729804781
4.865290729804781
4.865290729804781
4.865290729804781
4.865290729804781
4.865290729804781
4.865290729804781
4.865290729804781
4.865290729804781
4.865290729804781
4.865290729804781
4.865290729804781
4.865290729804781
4.865290729804781
4.865290729804781
4.8920994421907045
4.8920994421907045
4.8920994421907045
4.8920994421907045
4.8920994421907045
4.8920994421907045
4.8920994421907045
4.8920994421907045
4.8920994421907045
4.8920994421907045
4.8920994421907045
5.025216702923011
5.025216702923011
5.025216702923011
5.025216702923011
5.025216702923011
5.025216702923011
5.025216702923011
5.025216702923011
5.025216702923011
5.025216702923011
5.025216702923011
5.025216702923011
5.025216702923011
5.025216702923011
5.025216702923011
5.025216702923011
5.025216702923011
5.025216702923011
5.025216702923011
5.025216702923011
5.025216702923011
5.025216702923011
5.025216702923011
5.025216702923011
5.025216702923011
5.025216702923011
5.025216702923011
5.025216702923011
5.025216702923011
5.025216702923011
5.025216702923011
5.025216702923011
5.025216702923011
5.025216702923011
5.025216702923011
5.025216702923011
5.25256064948241
5.25256064948241
5.25256064948241
5.25256064948241
5.25256064948241
5.25256064948241
5.25256064948241
5.504118385232761
5.504118385232761
5.504118385232761
5.504118385232761
5.504118385232761
5.504118385232761
5.504118385232761
5.504118385232761
5.504118385232761
5.504118385232761
5.504118385232761
5.504118385232761
5.504118385232761
5.504118385232761
5.504118385232761
5.504118385232761
5.504118385232761
5.504118385232761
5.504118385232761
5.504118385232761
5.504118385232761
5.504118385232761
5.504118385232761
5.504118385232761
5.504118385232761
5.504118385232761
5.504118385232761
5.504118385232761
5.504118385232761
5.504118385232761
5.504118385232761
5.504118385232761
5.504118385232761
5.504118385232761
5.504118385232761
5.504118385232761
5.504118385232761
5.504118385232761
5.504118385232761
5.504118385232761
5.504118385232761
5.504118385232761
5.504118385232761
5.504118385232761
5.504118385232761
5.504118385232761
5.504118385232761
5.504118385232761
5.504118385232761
5.504118385232761
5.504118385232761
5.504118385232761
5.504118385232761
5.504118385232761
5.504118385232761
5.504118385232761
5.504118385232761
5.504118385232761
5.504118385232761
5.504118385232761
5.504118385232761
5.504118385232761
5.504118385232761
5.504118385232761
5.504118385232761
5.504118385232761
5.504118385232761
5.504118385232761
5.504118385232761
5.504118385232761
5.504118385232761
5.504118385232761
5.504118385232761
5.504118385232761
5.504118385232761
5.504118385232761
5.504118385232761
5.504118385232761
5.504118385232761
5.504118385232761
5.504118385232761
5.504118385232761
5.504118385232761
5.504118385232761
5.504118385232761
5.504118385232761
5.504118385232761
5.504118385232761
5.504118385232761
5.504118385232761
5.504118385232761
5.504118385232761
