1.1689305492881574
1.3705724578883207
1.3705724578883207
1.3705724578883207
1.3705724578883207
1.3705724578883207
1.3705724578883207
1.3705724578883207
1.3705724578883207
1.3705724578883207
1.3705724578883207
1.3705724578883207
1.3705724578883207
1.9195062875727231
1.9195062875727231
1.9195062875727231
1.9243771320989673
1.9243771320989673
1.9243771320989673
1.9243771320989673
1.9243771320989673
1.9243771320989673
1.982836829561533
1.982836829561533
2.1560240912944746
2.1560240912944746
2.1560240912944746
2.1560240912944746
2.1560240912944746
2.1560240912944746
2.1560240912944746
2.167634248710693
2.3995582394133774
2.3995582394133774
2.5734830603922876
2.5734830603922876
2.5734830603922876
2.5734830603922876
2.5734830603922876
2.5734830603922876
2.5734830603922876
2.5734830603922876
2.5734830603922876
2.7192816880484254
2.7192816880484254
2.7192816880484254
2.7192816880484254
2.7192816880484254
2.7192816880484254
2.7192816880484254
2.7192816880484254
2.7192816880484254
2.7192816880484254
2.7192816880484254
2.7192816880484254
2.7192816880484254
2.7192816880484254
3.3916669397728088
3.3916669397728088
3.497045066408175
3.497045066408175
3.497045066408175
3.497045066408175
3.497045066408175
3.497045066408175
3.497045066408175
3.497045066408175
3.497045066408175
3.497045066408175
3.497045066408175
3.765427046789047
3.765427046789047
3.765427046789047
3.765427046789047
3.765427046789047
4.317453642821568
4.317453642821568
4.317453642821568
4.317453642821568
4.317453642821568
4.317453642821568
4.317453642821568
4.317453642821568
4.317453642821568
4.317453642821568
4.317453642821568
4.317453642821568
4.317453642821568
4.317453642821568
4.317453642821568
4.317453642821568
4.317453642821568
4.317453642821568
4.317453642821568
4.317453642821568
4.317453642821568
4.317453642821568
4.317453642821568
4.317453642821568
4.317453642821568
4.317453642821568
4.317453642821568
4.317453642821568
4.317453642821568
4.317453642821568
4.317453642821568
4.317453642821568
4.317453642821568
4.317453642821568
4.317453642821568
4.317453642821568
4.317453642821568
4.317453642821568
4.317453642821568
4.317453642821568
4.317453642821568
4.317453642821568
4.317453642821568
4.317453642821568
4.317453642821568
4.317453642821568
4.317453642821568
4.317453642821568
4.317453642821568
4.317453642821568
4.317453642821568
4.317453642821568
4.317453642821568
4.317453642821568
4.317453642821568
4.317453642821568
4.317453642821568
4.317453642821568
5.064635464347072
5.064635464347072
5.064635464347072
5.064635464347072
5.064635464347072
5.064635464347072
5.064635464347072
5.064635464347072
5.064635464347072
5.064635464347072
5.064635464347072
5.064635464347072
5.064635464347072
5.064635464347072
5.064635464347072
5.064635464347072
5.064635464347072
5.064635464347072
5.064635464347072
5.064635464347072
5.064635464347072
5.064635464347072
5.064635464347072
5.064635464347072
5.064635464347072
5.064635464347072
5.064635464347072
5.064635464347072
5.064635464347072
5.064635464347072
5.064635464347072
5.064635464347072
5.064635464347072
5.064635464347072
5.064635464347072
5.064635464347072
5.064635464347072
5.064635464347072
5.064635464347072
5.064635464347072
5.064635464347072
5.064635464347072
5.064635464347072
5.064635464347072
5.064635464347072
5.064635464347072
5.064635464347072
5.064635464347072
5.064635464347072
5.064635464347072
5.064635464347072
5.064635464347072
5.064635464347072
5.064635464347072
5.064635464347072
5.064635464347072
5.064635464347072
5.064635464347072
5.064635464347072
5.064635464347072
5.064635464347072
5.064635464347072
5.064635464347072
5.064635464347072
5.064635464347072
5.064635464347072
5.064635464347072
5.064635464347072
5.064635464347072
5.064635464347072
5.064635464347072
5.064635464347072
5.064635464347072
5.064635464347072
5.064635464347072
5.064635464347072
5.064635464347072
5.064635464347072
5.064635464347072
5.064635464347072
5.064635464347072
5.064635464347072
5.064635464347072
5.064635464347072
5.064635464347072
5.064635464347072
5.064635464347072
5.064635464347072
5.064635464347072
5.064635464347072
5.064635464347072
5.064635464347072
5.064635464347072
5.064635464347072
5.064635464347072
5.064635464347072
5.064635464347072
5.064635464347072
5.064635464347072
5.064635464347072
5.064635464347072
5.064635464347072
5.064635464347072
5.064635464347072
5.064635464347072
5.064635464347072
5.064635464347072
5.064635464347072
5.064635464347072
5.064635464347072
5.064635464347072
5.064635464347072
5.064635464347072
5.064635464347072
5.064635464347072
5.064635464347072
5.064635464347072
5.064635464347072
5.064635464347072
5.064635464347072
5.064635464347072
5.064635464347072
5.064635464347072
5.064635464347072
5.064635464347072
5.064635464347072
5.064635464347072
5.064635464347072
5.064635464347072
5.064635464347072
5.064635464347072
5.064635464347072
5.064635464347072
5.064635464347072
5.064635464347072
5.064635464347072
5.064635464347072
5.064635464347072
5.064635464347072
5.064635464347072
5.064635464347072
5.064635464347072
5.064635464347072
5.064635464347072
5.064635464347072
5.064635464347072
5.064635464347072
5.064635464347072
5.064635464347072
5.064635464347072
5.064635464347072
5.064635464347072
5.064635464347072
5.064635464347072
5.064635464347072
5.064635464347072
5.064635464347072
5.064635464347072
5.064635464347072
5.064635464347072
5.064635464347072
5.064635464347072
5.064635464347072
5.064635464347072
5.064635464347072
5.064635464347072
5.064635464347072
5.064635464347072
5.064635464347072
5.064635464347072
5.064635464347072
5.064635464347072
5.064635464347072
5.064635464347072
5.064635464347072
5.064635464347072
5.064635464347072
5.064635464347072
5.064635464347072
5.064635464347072
5.064635464347072
5.064635464347072
5.064635464347072
5.064635464347072
5.064635464347072
5.064635464347072
5.064635464347072
5.064635464347072
5.064635464347072
5.064635464347072
5.064635464347072
5.064635464347072
5.064635464347072
5.064635464347072
5.064635464347072
5.064635464347072
5.064635464347072
5.064635464347072
5.064635464347072
5.064635464347072
5.064635464347072
5.064635464347072
5.064635464347072
5.064635464347072
5.064635464347072
5.064635464347072
5.064635464347072
5.064635464347072
5.064635464347072
5.064635464347072
5.064635464347072
5.064635464347072
5.275266522726346
5.275266522726346
5.275266522726346
5.275266522726346
5.275266522726346
5.275266522726346
5.275266522726346
5.275266522726346
5.275266522726346
5.275266522726346
5.275266522726346
5.275266522726346
5.275266522726346
5.275266522726346
5.275266522726346
5.275266522726346
5.275266522726346
5.275266522726346
5.275266522726346
5.275266522726346
5.275266522726346
5.275266522726346
5.275266522726346
5.275266522726346
5.275266522726346
5.275266522726346
5.275266522726346
5.275266522726346
5.275266522726346
5.275266522726346
5.275266522726346
5.275266522726346
5.275266522726346
5.275266522726346
5.275266522726346
5.275266522726346
5.522546585777976
5.522546585777976
5.522546585777976
5.522546585777976
5.522546585777976
5.522546585777976
5.522546585777976
5.522546585777976
5.522546585777976
5.522546585777976
5.522546585777976
5.522546585777976
5.522546585777976
5.522546585777976
5.522546585777976
5.522546585777976
5.522546585777976
5.522546585777976
5.522546585777976
5.522546585777976
5.522546585777976
5.522546585777976
5.522546585777976
5.522546585777976
5.522546585777976
5.522546585777976
5.522546585777976
5.522546585777976
5.522546585777976
5.522546585777976
5.522546585777976
5.522546585777976
5.522546585777976
5.522546585777976
5.522546585777976
5.522546585777976
5.522546585777976
5.522546585777976
5.6307512462271685
5.6307512462271685
5.6307512462271685
5.6307512462271685
5.6307512462271685
5.6307512462271685
5.6307512462271685
5.6307512462271685
5.6307512462271685
5.6307512462271685
5.6307512462271685
5.6307512462271685
5.6307512462271685
5.6307512462271685
5.6307512462271685
5.6307512462271685
5.6307512462271685
5.6307512462271685
5.6307512462271685
5.6307512462271685
5.6307512462271685
5.6307512462271685
5.6307512462271685
5.6307512462271685
5.6307512462271685
5.6307512462271685
5.6307512462271685
5.6307512462271685
5.6307512462271685
5.6307512462271685
5.6307512462271685
5.6307512462271685
5.6307512462271685
5.6307512462271685
5.6307512462271685
5.6307512462271685
5.6307512462271685
5.6307512462271685
5.6307512462271685
5.6307512462271685
5.6307512462271685
5.6307512462271685
5.6307512462271685
5.6307512462271685
5.6307512462271685
5.6307512462271685
5.6307512462271685
5.6307512462271685
5.6307512462271685
5.6307512462271685
5.6307512462271685
5.6307512462271685
5.6307512462271685
5.6307512462271685
5.6307512462271685
5.6307512462271685
5.6307512462271685
5.6307512462271685
5.6307512462271685
5.6307512462271685
5.6307512462271685
5.6307512462271685
5.6307512462271685
5.6307512462271685
5.8042075039109156
5.8042075039109156
5.8042075039109156
5.8042075039109156
5.8042075039109156
5.8042075039109156
5.8042075039109156
5.8042075039109156
5.8042075039109156
5.8042075039109156
5.8042075039109156
5.8042075039109156
5.8042075039109156
5.8042075039109156
5.8042075039109156
5.8042075039109156
5.8042075039109156
5.8042075039109156
