1.958162672093953
1.958162672093953
1.958162672093953
2.1799350583007433
2.1799350583007433
2.1799350583007433
2.1799350583007433
2.57744782912091
2.827159431697075
2.827159431697075
2.827159431697075
2.8521984202043633
2.8521984202043633
3.1884042992579538
3.1884042992579538
3.1884042992579538
3.1884042992579538
3.1884042992579538
3.1884042992579538
3.1884042992579538
3.1884042992579538
3.1884042992579538
3.1884042992579538
3.1884042992579538
3.1884042992579538
3.1884042992579538
3.1884042992579538
3.1884042992579538
3.2637266347542035
3.2637266347542035
3.3002900864027014
3.3002900864027014
3.4114321188375225
3.480792817431786
3.6178164362214402
3.6178164362214402
3.6178164362214402
3.6178164362214402
3.6178164362214402
3.6178164362214402
3.6178164362214402
3.6178164362214402
3.6178164362214402
3.6178164362214402
3.6178164362214402
3.6178164362214402
3.6178164362214402
3.649493102325612
3.649493102325612
3.649493102325612
3.649493102325612
3.649493102325612
3.649493102325612
3.649493102325612
3.649493102325612
3.649493102325612
3.649493102325612
3.649493102325612
3.649493102325612
3.7966926503124765
3.7966926503124765
3.7966926503124765
3.7966926503124765
3.7966926503124765
3.7966926503124765
3.7966926503124765
3.7966926503124765
3.7966926503124765
3.7966926503124765
3.7966926503124765
3.7966926503124765
3.7966926503124765
3.7966926503124765
3.7966926503124765
3.7966926503124765
3.7966926503124765
3.7966926503124765
3.7966926503124765
3.7966926503124765
3.7966926503124765
3.7966926503124765
3.7966926503124765
3.7966926503124765
3.7966926503124765
3.7966926503124765
3.7966926503124765
3.7966926503124765
3.7966926503124765
3.7966926503124765
3.7966926503124765
3.7966926503124765
3.7966926503124765
3.7966926503124765
3.7966926503124765
3.7966926503124765
3.7966926503124765
3.7966926503124765
3.7966926503124765
3.7966926503124765
3.7966926503124765
3.7966926503124765
3.7966926503124765
3.7966926503124765
3.7966926503124765
3.7966926503124765
3.7966926503124765
3.7966926503124765
3.9886996257364222
3.9886996257364222
3.9886996257364222
3.9886996257364222
3.9886996257364222
3.9886996257364222
3.9886996257364222
3.9886996257364222
3.9886996257364222
3.9886996257364222
3.9886996257364222
3.9886996257364222
3.9886996257364222
3.9886996257364222
3.9886996257364222
3.9886996257364222
3.9886996257364222
3.9886996257364222
3.9886996257364222
3.9886996257364222
3.9886996257364222
3.9886996257364222
3.9886996257364222
3.9886996257364222
3.9886996257364222
3.9886996257364222
3.9886996257364222
4.183671753632332
4.183671753632332
4.183671753632332
4.183671753632332
4.183671753632332
4.183671753632332
4.183671753632332
4.183671753632332
4.183671753632332
4.183671753632332
4.183671753632332
4.183671753632332
4.183671753632332
4.183671753632332
4.183671753632332
4.183671753632332
4.183671753632332
4.183671753632332
4.183671753632332
4.183671753632332
4.183671753632332
4.183671753632332
4.183671753632332
4.183671753632332
4.183671753632332
4.183671753632332
4.183671753632332
4.183671753632332
4.183671753632332
4.183671753632332
4.183671753632332
4.183671753632332
4.183671753632332
4.183671753632332
4.183671753632332
4.183671753632332
4.183671753632332
4.183671753632332
4.183671753632332
4.183671753632332
4.183671753632332
4.183671753632332
4.183671753632332
4.183671753632332
4.183671753632332
4.183671753632332
4.183671753632332
4.183671753632332
4.183671753632332
4.183671753632332
4.183671753632332
4.183671753632332
4.183671753632332
4.183671753632332
4.183671753632332
4.183671753632332
4.183671753632332
4.183671753632332
4.183671753632332
4.183671753632332
4.183671753632332
4.183671753632332
4.219496162167412
4.219496162167412
4.219496162167412
4.219496162167412
4.219496162167412
4.219496162167412
4.219496162167412
4.219496162167412
4.219496162167412
4.219496162167412
4.219496162167412
4.219496162167412
4.219496162167412
4.219496162167412
4.219496162167412
4.219496162167412
4.231665443961106
4.231665443961106
4.231665443961106
4.231665443961106
4.231665443961106
4.231665443961106
4.231665443961106
4.231665443961106
4.231665443961106
4.231665443961106
4.231665443961106
4.231665443961106
4.231665443961106
4.231665443961106
4.231665443961106
4.231665443961106
4.231665443961106
4.231665443961106
4.231665443961106
4.231665443961106
4.231665443961106
4.231665443961106
4.231665443961106
4.231665443961106
4.231665443961106
4.231665443961106
4.231665443961106
4.231665443961106
4.231665443961106
4.231665443961106
4.231665443961106
4.231665443961106
4.231665443961106
4.231665443961106
4.231665443961106
4.231665443961106
4.231665443961106
4.337462005104138
4.337462005104138
4.337462005104138
4.337462005104138
4.337462005104138
4.337462005104138
4.337462005104138
4.337462005104138
4.337462005104138
4.337462005104138
4.337462005104138
4.337462005104138
4.337462005104138
4.337462005104138
4.49694947262194
4.49694947262194
4.49694947262194
4.49694947262194
4.49694947262194
4.49694947262194
4.49694947262194
4.49694947262194
4.49694947262194
4.49694947262194
4.49694947262194
4.49694947262194
4.49694947262194
4.49694947262194
4.49694947262194
4.49694947262194
4.49694947262194
4.49694947262194
4.49694947262194
4.49694947262194
4.49694947262194
4.49694947262194
4.49694947262194
4.49694947262194
4.49694947262194
4.49694947262194
4.49694947262194
4.49694947262194
4.49694947262194
4.49694947262194
4.49694947262194
4.49694947262194
4.49694947262194
4.49694947262194
4.54165984069799
4.54165984069799
4.54165984069799
4.54165984069799
4.54165984069799
4.54165984069799
4.54165984069799
4.54165984069799
4.54165984069799
4.54165984069799
4.54165984069799
4.681661619634205
4.681661619634205
4.681661619634205
5.000430812248887
5.000430812248887
5.294120301212223
5.294120301212223
5.294120301212223
5.294120301212223
5.294120301212223
5.294120301212223
5.294120301212223
5.294120301212223
5.294120301212223
5.294120301212223
5.294120301212223
5.294120301212223
5.294120301212223
5.294120301212223
5.294120301212223
5.294120301212223
5.294120301212223
5.294120301212223
5.294120301212223
5.294120301212223
5.294120301212223
5.294120301212223
5.294120301212223
5.294120301212223
5.294120301212223
5.294120301212223
5.294120301212223
5.294120301212223
5.294120301212223
5.294120301212223
5.294120301212223
5.294120301212223
5.294120301212223
5.294120301212223
5.294120301212223
5.294120301212223
5.294120301212223
5.294120301212223
5.294120301212223
5.294120301212223
5.294120301212223
5.294120301212223
5.294120301212223
5.294120301212223
5.294120301212223
5.294120301212223
5.294120301212223
5.294120301212223
5.294120301212223
5.294120301212223
5.294120301212223
5.294120301212223
5.294120301212223
5.442358278598573
5.442358278598573
5.546518240398092
5.546518240398092
5.546518240398092
5.546518240398092
5.546518240398092
5.546518240398092
5.546518240398092
5.546518240398092
5.546518240398092
5.546518240398092
5.546518240398092
5.546518240398092
5.546518240398092
5.546518240398092
5.546518240398092
5.679229146150039
5.679229146150039
5.679229146150039
5.679229146150039
5.679229146150039
5.679229146150039
5.679229146150039
5.679229146150039
5.679229146150039
5.679229146150039
5.679229146150039
5.679229146150039
5.679229146150039
5.679229146150039
5.679229146150039
5.679229146150039
5.679229146150039
5.679229146150039
5.679229146150039
5.679229146150039
5.679229146150039
5.679229146150039
5.679229146150039
5.679229146150039
5.679229146150039
5.679229146150039
5.679229146150039
5.679229146150039
5.679229146150039
5.771440376717331
5.771440376717331
5.771440376717331
5.771440376717331
5.771440376717331
5.771440376717331
5.771440376717331
5.771440376717331
5.771440376717331
5.771440376717331
5.771440376717331
5.771440376717331
5.771440376717331
5.771440376717331
5.771440376717331
5.771440376717331
5.771440376717331
5.771440376717331
5.771440376717331
5.771440376717331
5.771440376717331
5.771440376717331
5.771440376717331
5.771440376717331
5.771440376717331
5.771440376717331
5.771440376717331
5.771440376717331
5.771440376717331
5.771440376717331
5.771440376717331
5.771440376717331
5.771440376717331
5.771440376717331
5.771440376717331
5.771440376717331
5.771440376717331
5.771440376717331
5.771440376717331
5.771440376717331
5.771440376717331
5.771440376717331
5.771440376717331
5.771440376717331
5.771440376717331
5.771440376717331
5.771440376717331
5.771440376717331
5.771440376717331
5.771440376717331
5.771440376717331
5.771440376717331
5.771440376717331
5.771440376717331
5.771440376717331
5.771440376717331
5.771440376717331
5.771440376717331
5.771440376717331
5.771440376717331
5.771440376717331
5.771440376717331
5.771440376717331
5.771440376717331
5.771440376717331
5.771440376717331
5.771440376717331
5.771440376717331
5.771440376717331
5.771440376717331
5.771440376717331
5.771440376717331
5.771440376717331
5.771440376717331
5.771440376717331
5.771440376717331
5.771440376717331
5.771440376717331
5.771440376717331
5.771440376717331
5.771440376717331
5.771440376717331
5.771440376717331
5.771440376717331
5.771440376717331
5.814492490884566
5.814492490884566
5.814492490884566
5.814492490884566
