0.5334764999961565
0.9049887514250697
2.0022002672785217
2.0022002672785217
2.0022002672785217
2.0022002672785217
2.4067792919671684
2.4067792919671684
2.4067792919671684
2.4067792919671684
2.4067792919671684
2.4067792919671684
3.7002677998203346
3.7002677998203346
3.7002677998203346
3.7002677998203346
3.7002677998203346
3.7002677998203346
3.7002677998203346
3.7002677998203346
3.7002677998203346
3.7002677998203346
3.7002677998203346
3.7562434304712213
3.758120813121097
3.758120813121097
3.758120813121097
3.9626247216707733
3.9626247216707733
3.9626247216707733
3.9626247216707733
3.9626247216707733
3.9626247216707733
3.9626247216707733
3.9626247216707733
3.9626247216707733
4.08987693834605
4.08987693834605
4.08987693834605
4.203532818598942
4.203532818598942
4.203532818598942
4.203532818598942
4.203532818598942
4.203532818598942
4.268723715146093
4.268723715146093
4.285253014239054
4.5635796482935636
4.5635796482935636
4.5635796482935636
4.5635796482935636
4.5635796482935636
4.5635796482935636
4.5635796482935636
4.5635796482935636
4.5635796482935636
4.5635796482935636
4.5635796482935636
4.5635796482935636
4.5635796482935636
4.68192198229575
4.68192198229575
4.68192198229575
4.68192198229575
4.68192198229575
4.68192198229575
4.68192198229575
4.68192198229575
4.730600073288465
4.730600073288465
4.730600073288465
4.730600073288465
4.730600073288465
4.730600073288465
4.730600073288465
4.730600073288465
4.730600073288465
4.730600073288465
4.730600073288465
4.730600073288465
4.730600073288465
4.730600073288465
4.730600073288465
4.730600073288465
4.730600073288465
4.730600073288465
4.730600073288465
4.730600073288465
4.730600073288465
4.730600073288465
4.730600073288465
4.730600073288465
4.730600073288465
4.730600073288465
4.730600073288465
4.730600073288465
4.730600073288465
4.730600073288465
4.730600073288465
4.730600073288465
4.730600073288465
4.730600073288465
4.730600073288465
4.730600073288465
4.730600073288465
4.730600073288465
4.730600073288465
4.730600073288465
4.730600073288465
4.730600073288465
4.730600073288465
4.730600073288465
4.730600073288465
4.730600073288465
4.730600073288465
4.730600073288465
4.730600073288465
4.730600073288465
4.730600073288465
4.730600073288465
4.730600073288465
4.730600073288465
4.730600073288465
4.730600073288465
4.730600073288465
4.730600073288465
4.730600073288465
4.730600073288465
4.730600073288465
4.730600073288465
4.730600073288465
4.730600073288465
4.730600073288465
4.730600073288465
4.730600073288465
4.730600073288465
4.730600073288465
4.730600073288465
4.730600073288465
4.730600073288465
4.730600073288465
4.730600073288465
4.730600073288465
4.730600073288465
4.730600073288465
4.730600073288465
4.730600073288465
4.730600073288465
4.730600073288465
4.730600073288465
4.730600073288465
4.730600073288465
4.845023988355564
4.845023988355564
4.845023988355564
4.845023988355564
4.845023988355564
4.845023988355564
4.845023988355564
4.845023988355564
4.845023988355564
4.845023988355564
4.845023988355564
4.845023988355564
4.845023988355564
4.845023988355564
4.845023988355564
4.845023988355564
4.845023988355564
4.845023988355564
4.845023988355564
4.845023988355564
4.845023988355564
4.845023988355564
4.9094996371010575
4.9094996371010575
4.9094996371010575
4.9094996371010575
4.9094996371010575
4.9094996371010575
4.9094996371010575
4.9094996371010575
4.9094996371010575
4.9094996371010575
4.9094996371010575
4.9094996371010575
4.9094996371010575
4.9094996371010575
4.9094996371010575
4.9094996371010575
4.9094996371010575
4.9094996371010575
4.9094996371010575
4.9094996371010575
4.9094996371010575
4.9094996371010575
4.9094996371010575
4.9094996371010575
4.9094996371010575
4.9094996371010575
4.9094996371010575
4.9094996371010575
4.9094996371010575
4.9094996371010575
4.9094996371010575
4.9094996371010575
4.9094996371010575
4.9094996371010575
4.9094996371010575
4.9094996371010575
4.9094996371010575
4.9094996371010575
4.9094996371010575
4.9094996371010575
4.9094996371010575
4.9094996371010575
4.9094996371010575
4.9094996371010575
4.9094996371010575
4.9094996371010575
4.9094996371010575
4.9094996371010575
4.9094996371010575
4.9094996371010575
4.9094996371010575
4.9094996371010575
4.9094996371010575
4.9094996371010575
4.9094996371010575
4.9094996371010575
4.9094996371010575
4.9094996371010575
4.9094996371010575
4.9094996371010575
4.9094996371010575
4.9094996371010575
4.9094996371010575
4.9094996371010575
4.9094996371010575
4.9094996371010575
4.9094996371010575
4.9094996371010575
4.9094996371010575
4.9094996371010575
4.9094996371010575
4.9094996371010575
4.932514908025937
5.033550446551166
5.033550446551166
5.033550446551166
5.033550446551166
5.033550446551166
5.178028984800863
5.178028984800863
5.178028984800863
5.178028984800863
5.178028984800863
5.178028984800863
5.183654704727007
5.183654704727007
5.183654704727007
5.183654704727007
5.183654704727007
5.183654704727007
5.183654704727007
5.183654704727007
5.183654704727007
5.183654704727007
5.183654704727007
5.183654704727007
5.183654704727007
5.183654704727007
5.183654704727007
5.183654704727007
5.214391301346405
5.214391301346405
5.214391301346405
5.214391301346405
5.214391301346405
5.214391301346405
5.214391301346405
5.214391301346405
5.214391301346405
5.214391301346405
5.214391301346405
5.214391301346405
5.214391301346405
5.214391301346405
5.214391301346405
5.214391301346405
5.214391301346405
5.214391301346405
5.214391301346405
5.214391301346405
5.214391301346405
5.214391301346405
5.214391301346405
5.214391301346405
5.214391301346405
5.214391301346405
5.214391301346405
5.214391301346405
5.214391301346405
5.214391301346405
5.214391301346405
5.214391301346405
5.214391301346405
5.214391301346405
5.225533429028745
5.225533429028745
5.225533429028745
5.225533429028745
5.225533429028745
5.225533429028745
5.225533429028745
5.225533429028745
5.225533429028745
5.225533429028745
5.225533429028745
5.225533429028745
5.225533429028745
5.225533429028745
5.225533429028745
5.225533429028745
5.225533429028745
5.384620133246016
5.384620133246016
5.384620133246016
5.384620133246016
5.384620133246016
5.384620133246016
5.384620133246016
5.384620133246016
5.384620133246016
5.384620133246016
5.384620133246016
5.384620133246016
5.384620133246016
5.384620133246016
5.409635989599205
5.409635989599205
5.409635989599205
5.409635989599205
5.409635989599205
5.409635989599205
5.409635989599205
5.409635989599205
5.409635989599205
5.648655546712404
5.648655546712404
5.648655546712404
5.648655546712404
5.648655546712404
5.648655546712404
5.648655546712404
5.648655546712404
5.648655546712404
5.648655546712404
5.648655546712404
5.648655546712404
5.648655546712404
5.648655546712404
5.648655546712404
5.648655546712404
5.648655546712404
5.648655546712404
5.648655546712404
5.648655546712404
5.648655546712404
5.648655546712404
5.648655546712404
5.648655546712404
5.648655546712404
5.648655546712404
5.648655546712404
5.648655546712404
5.648655546712404
5.648655546712404
5.648655546712404
5.648655546712404
5.648655546712404
5.648655546712404
5.648655546712404
5.648655546712404
5.648655546712404
5.648655546712404
5.648655546712404
5.648655546712404
5.648655546712404
5.648655546712404
5.648655546712404
5.648655546712404
5.648655546712404
5.648655546712404
5.648655546712404
5.648655546712404
5.648655546712404
5.648655546712404
5.648655546712404
5.648655546712404
5.648655546712404
5.648655546712404
5.648655546712404
5.648655546712404
5.648655546712404
5.648655546712404
5.648655546712404
5.648655546712404
5.648655546712404
5.648655546712404
5.648655546712404
5.648655546712404
5.648655546712404
5.648655546712404
5.648655546712404
5.648655546712404
5.648655546712404
5.648655546712404
5.648655546712404
5.648655546712404
5.648655546712404
5.648655546712404
5.648655546712404
5.648655546712404
5.648655546712404
5.648655546712404
5.648655546712404
5.648655546712404
5.648655546712404
5.648655546712404
5.648655546712404
5.648655546712404
5.648655546712404
5.648655546712404
5.648655546712404
5.648655546712404
5.648655546712404
5.648655546712404
5.648655546712404
5.648655546712404
5.648655546712404
5.648655546712404
5.648655546712404
5.648655546712404
5.648655546712404
5.648655546712404
5.648655546712404
5.648655546712404
5.648655546712404
5.648655546712404
5.648655546712404
5.648655546712404
5.648655546712404
5.648655546712404
5.648655546712404
5.648655546712404
5.648655546712404
5.648655546712404
5.648655546712404
5.648655546712404
5.648655546712404
5.648655546712404
5.648655546712404
5.648655546712404
5.648655546712404
5.648655546712404
5.648655546712404
5.648655546712404
5.648655546712404
5.648655546712404
5.648655546712404
5.648655546712404
5.648655546712404
5.648655546712404
5.648655546712404
5.648655546712404
5.648655546712404
5.648655546712404
5.648655546712404
5.648655546712404
5.648655546712404
5.648655546712404
5.648655546712404
5.648655546712404
5.648655546712404
5.648655546712404
5.648655546712404
5.648655546712404
5.648655546712404
5.648655546712404
5.648655546712404
5.648655546712404
5.648655546712404
5.648655546712404
5.648655546712404
5.648655546712404
5.648655546712404
5.648655546712404
5.648655546712404
5.648655546712404
