0.8600073370966933
1.3820536511043187
1.3820536511043187
1.3820536511043187
1.3820536511043187
1.5584094251343705
2.029721813451557
2.029721813451557
2.029721813451557
2.029721813451557
2.029721813451557
2.029721813451557
2.029721813451557
2.029721813451557
2.029721813451557
2.029721813451557
2.029721813451557
2.029721813451557
2.029721813451557
2.029721813451557
2.073289924564669
2.073289924564669
2.073289924564669
2.31759927229102
2.31759927229102
2.31759927229102
2.31759927229102
2.31759927229102
2.31759927229102
2.31759927229102
2.31759927229102
2.630990825209603
2.630990825209603
2.630990825209603
3.2677446199178997
3.2677446199178997
3.2677446199178997
3.2677446199178997
3.2677446199178997
3.2677446199178997
3.2677446199178997
3.2677446199178997
3.2677446199178997
3.2677446199178997
3.2677446199178997
3.2677446199178997
3.2677446199178997
3.2677446199178997
3.2677446199178997
3.2677446199178997
3.2677446199178997
3.471926546161694
3.471926546161694
3.471926546161694
3.471926546161694
3.471926546161694
3.471926546161694
3.471926546161694
3.471926546161694
3.471926546161694
3.471926546161694
3.471926546161694
3.471926546161694
3.471926546161694
3.471926546161694
3.471926546161694
3.471926546161694
3.471926546161694
3.471926546161694
3.471926546161694
3.471926546161694
3.471926546161694
3.471926546161694
3.471926546161694
3.471926546161694
3.471926546161694
3.471926546161694
3.471926546161694
3.471926546161694
3.471926546161694
3.471926546161694
3.471926546161694
3.471926546161694
3.471926546161694
3.471926546161694
3.471926546161694
3.471926546161694
3.471926546161694
3.812225720259357
3.812225720259357
3.812225720259357
3.812225720259357
3.812225720259357
3.812225720259357
3.812225720259357
3.812225720259357
3.812225720259357
3.812225720259357
3.812225720259357
3.812225720259357
3.812225720259357
3.812225720259357
3.812225720259357
3.812225720259357
3.812225720259357
3.812225720259357
3.812225720259357
3.812225720259357
3.812225720259357
3.812225720259357
3.812225720259357
3.812225720259357
3.812225720259357
3.812225720259357
3.812225720259357
3.812225720259357
3.812225720259357
3.812225720259357
3.812225720259357
3.812225720259357
3.812225720259357
3.812225720259357
3.812225720259357
3.812225720259357
3.812225720259357
3.812225720259357
3.812225720259357
3.812225720259357
3.812225720259357
3.812225720259357
3.812225720259357
3.812225720259357
3.812225720259357
3.812225720259357
3.812225720259357
3.812225720259357
3.812225720259357
3.812225720259357
3.812225720259357
3.812225720259357
3.812225720259357
3.812225720259357
3.812225720259357
3.812225720259357
3.812225720259357
3.812225720259357
3.812225720259357
3.812225720259357
3.812225720259357
3.812225720259357
3.812225720259357
3.812225720259357
3.812225720259357
3.812225720259357
3.812225720259357
3.812225720259357
3.812225720259357
3.812225720259357
3.812225720259357
3.812225720259357
3.812225720259357
3.812225720259357
3.812225720259357
3.812225720259357
3.812225720259357
3.812225720259357
3.812225720259357
3.812225720259357
3.812225720259357
3.812225720259357
3.812225720259357
3.812225720259357
3.812225720259357
3.812225720259357
3.812225720259357
3.812225720259357
3.812225720259357
3.812225720259357
3.812225720259357
3.812225720259357
3.812225720259357
3.812225720259357
3.812225720259357
3.812225720259357
3.812225720259357
3.812225720259357
3.812225720259357
3.812225720259357
3.812225720259357
3.812225720259357
3.812225720259357
3.812225720259357
3.812225720259357
3.812225720259357
3.812225720259357
3.812225720259357
3.812225720259357
3.812225720259357
3.812225720259357
3.812225720259357
3.812225720259357
3.812225720259357
3.812225720259357
3.8171994827493587
3.8171994827493587
3.8171994827493587
3.8171994827493587
3.8171994827493587
3.8171994827493587
3.8171994827493587
3.8171994827493587
3.8171994827493587
3.8171994827493587
3.8171994827493587
3.8171994827493587
3.8171994827493587
3.8171994827493587
3.8171994827493587
3.8171994827493587
3.8171994827493587
3.8171994827493587
3.8171994827493587
3.8171994827493587
3.8171994827493587
3.8171994827493587
3.8171994827493587
3.8171994827493587
3.8171994827493587
3.8171994827493587
3.8171994827493587
3.8171994827493587
3.8171994827493587
3.8171994827493587
3.8171994827493587
3.8171994827493587
3.8171994827493587
3.8171994827493587
3.8171994827493587
3.8171994827493587
3.8171994827493587
3.8171994827493587
3.8171994827493587
3.8171994827493587
3.8171994827493587
3.8171994827493587
3.8171994827493587
3.8171994827493587
3.8171994827493587
3.8171994827493587
3.8171994827493587
3.8171994827493587
3.8171994827493587
3.9109521151374476
3.9109521151374476
3.9109521151374476
3.9109521151374476
3.9109521151374476
4.167166582968418
4.167166582968418
4.167166582968418
4.167166582968418
4.167166582968418
4.167166582968418
4.167166582968418
4.167166582968418
4.167166582968418
4.167166582968418
4.167166582968418
4.167166582968418
4.167166582968418
4.167166582968418
4.173526511056978
4.173526511056978
4.173526511056978
4.173526511056978
4.173526511056978
4.431672094482377
4.431672094482377
4.431672094482377
4.431672094482377
4.431672094482377
4.487402222842436
4.487402222842436
4.487402222842436
4.487402222842436
4.487402222842436
4.487402222842436
4.487402222842436
4.487402222842436
4.720103776391449
4.720103776391449
4.720103776391449
4.720103776391449
4.720103776391449
4.720103776391449
4.720103776391449
4.720103776391449
4.720103776391449
4.720103776391449
4.720103776391449
4.720103776391449
4.720103776391449
4.720103776391449
4.720103776391449
4.720103776391449
4.958535446362129
4.958535446362129
4.958535446362129
4.958535446362129
4.958535446362129
4.958535446362129
5.405505168028836
5.405505168028836
5.405505168028836
5.405505168028836
5.405505168028836
5.405505168028836
5.405505168028836
5.405505168028836
5.405505168028836
5.405505168028836
5.405505168028836
5.405505168028836
5.405505168028836
5.405505168028836
5.405505168028836
5.405505168028836
5.405505168028836
5.405505168028836
5.405505168028836
5.405505168028836
5.405505168028836
5.405505168028836
5.405505168028836
5.432918344149703
5.432918344149703
5.432918344149703
5.432918344149703
5.432918344149703
5.432918344149703
5.658438417475366
5.658438417475366
5.658438417475366
5.658438417475366
5.658438417475366
5.658438417475366
5.658438417475366
5.658438417475366
5.658438417475366
5.658438417475366
5.658438417475366
5.658438417475366
5.658438417475366
5.658438417475366
5.658438417475366
5.658438417475366
5.658438417475366
5.658438417475366
5.658438417475366
5.658438417475366
5.658438417475366
5.658438417475366
5.658438417475366
5.658438417475366
5.658438417475366
5.658438417475366
5.658438417475366
5.658438417475366
5.658438417475366
5.658438417475366
5.658438417475366
5.658438417475366
5.658438417475366
5.658438417475366
5.658438417475366
5.658438417475366
5.658438417475366
5.658438417475366
5.658438417475366
5.658438417475366
5.658438417475366
5.658438417475366
5.658438417475366
5.658438417475366
5.658438417475366
5.658438417475366
5.658438417475366
5.658438417475366
5.658438417475366
5.735990501560961
5.735990501560961
5.735990501560961
5.735990501560961
5.735990501560961
5.735990501560961
5.735990501560961
5.735990501560961
5.735990501560961
5.735990501560961
5.735990501560961
5.735990501560961
5.735990501560961
5.735990501560961
5.735990501560961
6.312372205809
6.312372205809
6.312372205809
6.312372205809
6.312372205809
6.312372205809
6.312372205809
6.312372205809
6.312372205809
6.312372205809
6.312372205809
6.312372205809
6.312372205809
6.312372205809
6.312372205809
6.312372205809
6.312372205809
6.312372205809
6.312372205809
6.312372205809
6.312372205809
6.312372205809
6.312372205809
6.312372205809
6.312372205809
6.312372205809
6.312372205809
6.312372205809
6.312372205809
6.312372205809
6.312372205809
6.312372205809
6.312372205809
6.312372205809
6.312372205809
6.312372205809
6.312372205809
6.312372205809
6.312372205809
6.312372205809
6.312372205809
6.312372205809
6.312372205809
6.312372205809
6.312372205809
6.312372205809
6.402517439131388
6.402517439131388
6.402517439131388
6.402517439131388
6.402517439131388
6.402517439131388
6.402517439131388
6.402517439131388
6.402517439131388
6.402517439131388
6.402517439131388
6.402517439131388
6.402517439131388
6.402517439131388
6.4758588699505575
6.4758588699505575
6.4758588699505575
6.4758588699505575
6.4758588699505575
6.4758588699505575
6.4758588699505575
6.4758588699505575
6.4758588699505575
6.4758588699505575
6.4758588699505575
6.4758588699505575
6.4758588699505575
6.4758588699505575
6.4758588699505575
6.4758588699505575
6.4758588699505575
6.4758588699505575
6.4758588699505575
6.4758588699505575
6.4758588699505575
6.4758588699505575
6.4758588699505575
6.4758588699505575
6.4758588699505575
6.4758588699505575
6.4758588699505575
6.4758588699505575
6.4758588699505575
6.4758588699505575
6.4758588699505575
6.4758588699505575
6.4758588699505575
6.4758588699505575
6.4758588699505575
6.4758588699505575
6.4758588699505575
