1.0972524824314824
1.4419792498355248
1.4419792498355248
1.4419792498355248
1.4419792498355248
1.4419792498355248
1.9731087101369005
1.9731087101369005
1.9731087101369005
1.9731087101369005
1.9731087101369005
1.9731087101369005
1.9731087101369005
1.9731087101369005
1.9731087101369005
3.2233947527505817
3.2233947527505817
3.2233947527505817
3.2233947527505817
3.2233947527505817
3.2233947527505817
3.2233947527505817
3.2233947527505817
3.2233947527505817
3.2233947527505817
3.2233947527505817
4.161196662625173
4.161196662625173
4.161196662625173
4.161196662625173
4.161196662625173
4.161196662625173
4.161196662625173
4.161196662625173
4.161196662625173
4.161196662625173
4.161196662625173
4.161196662625173
4.161196662625173
4.161196662625173
4.161196662625173
4.161196662625173
4.161196662625173
4.161196662625173
4.161196662625173
4.161196662625173
4.161196662625173
4.161196662625173
4.161196662625173
4.161196662625173
4.161196662625173
4.161196662625173
4.161196662625173
4.161196662625173
4.161196662625173
4.161196662625173
4.161196662625173
4.161196662625173
4.161196662625173
4.161196662625173
4.161196662625173
4.161196662625173
4.161196662625173
4.161196662625173
4.161196662625173
4.161196662625173
4.161196662625173
4.161196662625173
4.161196662625173
4.161196662625173
4.161196662625173
4.161196662625173
4.161196662625173
4.161196662625173
4.161196662625173
4.161196662625173
4.161196662625173
4.161196662625173
4.161196662625173
4.196035735063696
4.196035735063696
4.196035735063696
4.196035735063696
4.196035735063696
4.196035735063696
4.196035735063696
4.196035735063696
4.196035735063696
4.196035735063696
4.196035735063696
4.196035735063696
4.196035735063696
4.196035735063696
4.196035735063696
4.196035735063696
4.196035735063696
4.196035735063696
4.196035735063696
4.196035735063696
4.196035735063696
4.196035735063696
4.196035735063696
4.930319272627157
4.930319272627157
4.930319272627157
4.930319272627157
4.930319272627157
4.930319272627157
4.930319272627157
4.930319272627157
4.930319272627157
4.930319272627157
4.930319272627157
4.930319272627157
4.930319272627157
4.930319272627157
4.930319272627157
4.930319272627157
4.930319272627157
4.930319272627157
4.930319272627157
4.930319272627157
4.930319272627157
4.930319272627157
4.930319272627157
4.930319272627157
4.930319272627157
4.930319272627157
4.930319272627157
4.930319272627157
4.930319272627157
4.930319272627157
4.930319272627157
4.930319272627157
4.930319272627157
4.930319272627157
4.930319272627157
4.930319272627157
4.930319272627157
4.930319272627157
4.930319272627157
4.930319272627157
4.930319272627157
4.930319272627157
4.930319272627157
4.930319272627157
4.930319272627157
4.930319272627157
4.930319272627157
4.930319272627157
4.930319272627157
4.930319272627157
4.930319272627157
4.930319272627157
4.930319272627157
4.930319272627157
4.930319272627157
4.930319272627157
4.930319272627157
4.930319272627157
4.930319272627157
4.930319272627157
4.930319272627157
4.930319272627157
4.930319272627157
4.930319272627157
4.930319272627157
4.930319272627157
4.930319272627157
4.930319272627157
4.930319272627157
4.930319272627157
4.930319272627157
4.930319272627157
4.930319272627157
4.930319272627157
4.930319272627157
4.930319272627157
4.930319272627157
4.930319272627157
4.930319272627157
4.930319272627157
4.930319272627157
4.930319272627157
4.930319272627157
4.930319272627157
4.930319272627157
4.930319272627157
4.930319272627157
4.930319272627157
4.930319272627157
4.930319272627157
4.930319272627157
4.930319272627157
4.930319272627157
4.930319272627157
4.930319272627157
4.930319272627157
4.930319272627157
4.930319272627157
4.930319272627157
4.930319272627157
4.930319272627157
4.930319272627157
4.930319272627157
4.930319272627157
4.930319272627157
4.930319272627157
4.930319272627157
4.930319272627157
4.930319272627157
4.930319272627157
4.930319272627157
4.930319272627157
4.930319272627157
4.930319272627157
4.930319272627157
4.930319272627157
4.930319272627157
4.930319272627157
4.930319272627157
4.930319272627157
4.930319272627157
4.930319272627157
4.930319272627157
4.930319272627157
4.930319272627157
4.930319272627157
4.930319272627157
4.930319272627157
4.930319272627157
4.930319272627157
4.930319272627157
4.930319272627157
4.930319272627157
4.930319272627157
4.930319272627157
4.930319272627157
4.930319272627157
4.930319272627157
4.930319272627157
4.930319272627157
4.930319272627157
4.930319272627157
4.930319272627157
4.930319272627157
4.930319272627157
4.930319272627157
4.930319272627157
4.930319272627157
4.930319272627157
4.930319272627157
4.930319272627157
4.930319272627157
4.930319272627157
4.930319272627157
4.930319272627157
4.930319272627157
4.930319272627157
4.930319272627157
4.930319272627157
4.930319272627157
4.930319272627157
5.04542565076293
5.04542565076293
5.04542565076293
5.04542565076293
5.142848536709509
5.142848536709509
5.142848536709509
5.142848536709509
5.142848536709509
5.142848536709509
5.142848536709509
5.142848536709509
5.142848536709509
5.142848536709509
5.142848536709509
5.142848536709509
5.142848536709509
5.142848536709509
5.142848536709509
5.142848536709509
5.142848536709509
5.142848536709509
5.142848536709509
5.142848536709509
5.142848536709509
5.142848536709509
5.142848536709509
5.142848536709509
5.142848536709509
5.142848536709509
5.142848536709509
5.142848536709509
5.142848536709509
5.142848536709509
5.142848536709509
5.142848536709509
5.463880988588505
5.463880988588505
5.463880988588505
5.463880988588505
5.463880988588505
5.463880988588505
5.463880988588505
5.463880988588505
5.463880988588505
5.463880988588505
5.463880988588505
5.463880988588505
5.463880988588505
5.463880988588505
5.463880988588505
5.463880988588505
5.463880988588505
5.463880988588505
5.463880988588505
5.463880988588505
5.463880988588505
5.463880988588505
5.463880988588505
5.463880988588505
5.463880988588505
5.463880988588505
5.463880988588505
5.463880988588505
5.463880988588505
5.463880988588505
5.463880988588505
5.463880988588505
5.463880988588505
5.463880988588505
5.463880988588505
5.463880988588505
5.463880988588505
5.463880988588505
5.463880988588505
5.463880988588505
5.463880988588505
5.463880988588505
5.463880988588505
5.463880988588505
5.463880988588505
5.463880988588505
5.463880988588505
5.463880988588505
5.463880988588505
5.463880988588505
5.463880988588505
5.463880988588505
5.463880988588505
5.463880988588505
5.463880988588505
5.463880988588505
5.463880988588505
5.463880988588505
5.463880988588505
5.463880988588505
5.463880988588505
5.463880988588505
5.463880988588505
5.463880988588505
5.463880988588505
5.463880988588505
5.463880988588505
5.463880988588505
5.463880988588505
5.463880988588505
5.463880988588505
5.463880988588505
5.463880988588505
5.463880988588505
5.463880988588505
5.463880988588505
5.463880988588505
5.463880988588505
5.463880988588505
5.463880988588505
5.463880988588505
5.463880988588505
5.463880988588505
5.463880988588505
5.463880988588505
5.463880988588505
5.463880988588505
5.463880988588505
5.463880988588505
5.463880988588505
5.463880988588505
5.463880988588505
5.463880988588505
5.463880988588505
5.463880988588505
5.463880988588505
5.463880988588505
5.463880988588505
5.463880988588505
5.463880988588505
5.463880988588505
5.463880988588505
5.463880988588505
5.463880988588505
5.463880988588505
5.463880988588505
5.463880988588505
5.463880988588505
5.463880988588505
5.463880988588505
5.463880988588505
5.463880988588505
5.463880988588505
5.463880988588505
5.463880988588505
5.463880988588505
5.463880988588505
5.463880988588505
5.463880988588505
5.463880988588505
5.463880988588505
5.463880988588505
5.463880988588505
5.463880988588505
5.463880988588505
5.463880988588505
5.463880988588505
5.463880988588505
5.463880988588505
5.463880988588505
5.463880988588505
5.463880988588505
5.463880988588505
5.463880988588505
5.463880988588505
5.463880988588505
5.463880988588505
5.463880988588505
5.463880988588505
5.463880988588505
5.463880988588505
5.463880988588505
5.463880988588505
5.463880988588505
5.463880988588505
5.463880988588505
5.463880988588505
5.463880988588505
5.463880988588505
5.463880988588505
5.463880988588505
5.463880988588505
5.463880988588505
5.463880988588505
5.463880988588505
5.463880988588505
5.463880988588505
5.463880988588505
5.463880988588505
5.463880988588505
5.463880988588505
5.463880988588505
5.463880988588505
5.463880988588505
5.463880988588505
5.463880988588505
5.463880988588505
5.463880988588505
5.463880988588505
5.463880988588505
6.3353530600368115
6.3353530600368115
6.3353530600368115
6.3353530600368115
6.3353530600368115
6.3353530600368115
6.3353530600368115
6.3353530600368115
6.3353530600368115
6.3353530600368115
6.3353530600368115
6.3353530600368115
6.3353530600368115
6.3353530600368115
6.3353530600368115
6.3353530600368115
6.3353530600368115
6.3353530600368115
6.3353530600368115
6.3353530600368115
6.3353530600368115
6.3353530600368115
6.3353530600368115
6.3353530600368115
6.3353530600368115
6.3353530600368115
6.3353530600368115
6.3353530600368115
6.3353530600368115
6.3353530600368115
6.3353530600368115
6.3353530600368115
