1.4766652551948332
1.4766652551948332
1.4766652551948332
2.0416858554130037
2.0416858554130037
2.0416858554130037
2.0416858554130037
2.0416858554130037
2.0416858554130037
2.0416858554130037
2.1156768941701016
2.1156768941701016
2.1156768941701016
2.1156768941701016
2.1156768941701016
3.0723117195089267
3.0723117195089267
3.0723117195089267
3.0723117195089267
3.0723117195089267
3.0723117195089267
3.0723117195089267
3.0723117195089267
3.0723117195089267
4.075792278115549
4.075792278115549
4.075792278115549
4.259553138647868
4.259553138647868
4.259553138647868
4.259553138647868
4.259553138647868
4.259553138647868
4.259553138647868
4.259553138647868
4.259553138647868
4.259553138647868
4.259553138647868
4.259553138647868
4.259553138647868
4.259553138647868
4.259553138647868
4.259553138647868
4.259553138647868
4.259553138647868
4.259553138647868
4.259553138647868
4.259553138647868
4.259553138647868
4.259553138647868
4.259553138647868
4.259553138647868
4.259553138647868
4.259553138647868
4.259553138647868
4.259553138647868
4.259553138647868
4.259553138647868
4.259553138647868
4.259553138647868
4.259553138647868
4.259553138647868
4.259553138647868
4.259553138647868
4.259553138647868
4.259553138647868
4.259553138647868
4.259553138647868
4.259553138647868
4.4691619292569404
4.4691619292569404
4.4691619292569404
4.4691619292569404
4.4691619292569404
4.4691619292569404
4.4691619292569404
4.4691619292569404
4.4691619292569404
4.4691619292569404
4.4691619292569404
4.4691619292569404
4.4691619292569404
4.4691619292569404
4.4691619292569404
4.4691619292569404
4.566565374160045
4.566565374160045
4.566565374160045
4.566565374160045
4.566565374160045
4.566565374160045
4.566565374160045
4.566565374160045
4.996372645008522
4.996372645008522
4.996372645008522
4.996372645008522
4.996372645008522
4.996372645008522
4.996372645008522
4.996372645008522
4.996372645008522
4.996372645008522
4.996372645008522
4.996372645008522
4.996372645008522
4.996372645008522
4.996372645008522
4.996372645008522
5.436161162369118
5.436161162369118
5.436161162369118
5.436161162369118
5.436161162369118
5.436161162369118
5.436161162369118
5.436161162369118
5.436161162369118
5.5514124021516285
5.5514124021516285
5.5514124021516285
5.5514124021516285
5.5514124021516285
5.5514124021516285
5.5514124021516285
5.5514124021516285
5.5514124021516285
5.5514124021516285
5.5514124021516285
5.5514124021516285
5.5514124021516285
5.5514124021516285
5.5514124021516285
5.5514124021516285
5.5514124021516285
5.5514124021516285
5.5514124021516285
5.5514124021516285
5.5514124021516285
5.5514124021516285
5.5514124021516285
5.5514124021516285
5.5514124021516285
5.5514124021516285
5.5514124021516285
5.5514124021516285
5.5514124021516285
5.5514124021516285
5.5514124021516285
5.5514124021516285
5.5514124021516285
5.5514124021516285
5.5514124021516285
5.5514124021516285
5.5514124021516285
5.5514124021516285
5.5514124021516285
5.5514124021516285
5.67456584327253
5.67456584327253
5.67456584327253
5.67456584327253
5.67456584327253
5.67456584327253
5.67456584327253
5.67456584327253
5.67456584327253
5.67456584327253
5.67456584327253
5.67456584327253
5.67456584327253
5.67456584327253
5.67456584327253
5.67456584327253
5.67456584327253
5.67456584327253
5.67456584327253
5.67456584327253
5.67456584327253
5.67456584327253
5.772911541087738
5.772911541087738
5.772911541087738
5.772911541087738
5.772911541087738
5.772911541087738
5.772911541087738
5.772911541087738
5.772911541087738
5.772911541087738
5.772911541087738
5.772911541087738
5.772911541087738
5.772911541087738
5.772911541087738
5.772911541087738
5.772911541087738
6.144491133259422
6.144491133259422
6.144491133259422
6.144491133259422
6.144491133259422
6.144491133259422
6.144491133259422
6.144491133259422
6.144491133259422
6.144491133259422
6.144491133259422
6.144491133259422
6.144491133259422
6.144491133259422
6.144491133259422
6.144491133259422
6.144491133259422
6.144491133259422
6.144491133259422
6.144491133259422
6.144491133259422
6.144491133259422
6.144491133259422
6.144491133259422
6.144491133259422
6.144491133259422
6.144491133259422
6.144491133259422
6.321736668390582
6.321736668390582
6.321736668390582
6.321736668390582
6.321736668390582
6.321736668390582
6.321736668390582
6.321736668390582
6.321736668390582
6.321736668390582
6.321736668390582
6.321736668390582
6.321736668390582
6.321736668390582
6.321736668390582
6.321736668390582
6.321736668390582
6.321736668390582
6.321736668390582
6.321736668390582
6.321736668390582
6.321736668390582
6.321736668390582
6.321736668390582
6.321736668390582
6.321736668390582
6.321736668390582
6.321736668390582
6.321736668390582
6.321736668390582
6.321736668390582
6.321736668390582
6.321736668390582
6.321736668390582
6.321736668390582
6.321736668390582
6.321736668390582
6.321736668390582
6.321736668390582
6.321736668390582
6.321736668390582
6.321736668390582
6.321736668390582
6.321736668390582
6.321736668390582
6.321736668390582
6.321736668390582
6.321736668390582
6.321736668390582
6.321736668390582
6.321736668390582
6.321736668390582
6.321736668390582
6.321736668390582
6.321736668390582
6.321736668390582
6.321736668390582
6.321736668390582
6.321736668390582
6.321736668390582
6.321736668390582
6.321736668390582
6.321736668390582
6.321736668390582
6.321736668390582
6.321736668390582
6.321736668390582
6.321736668390582
6.321736668390582
6.321736668390582
6.321736668390582
6.321736668390582
6.321736668390582
6.321736668390582
6.321736668390582
6.321736668390582
6.321736668390582
6.321736668390582
6.321736668390582
6.321736668390582
6.321736668390582
6.321736668390582
6.321736668390582
6.321736668390582
6.321736668390582
6.321736668390582
6.352080330866084
6.352080330866084
6.352080330866084
6.352080330866084
6.352080330866084
6.352080330866084
6.352080330866084
6.352080330866084
6.352080330866084
6.352080330866084
6.352080330866084
6.352080330866084
6.352080330866084
6.352080330866084
6.352080330866084
6.352080330866084
6.352080330866084
6.352080330866084
6.352080330866084
6.352080330866084
6.352080330866084
6.352080330866084
6.352080330866084
6.352080330866084
6.352080330866084
6.352080330866084
6.352080330866084
6.352080330866084
6.352080330866084
6.352080330866084
6.352080330866084
6.352080330866084
6.352080330866084
6.352080330866084
6.352080330866084
6.352080330866084
6.352080330866084
6.352080330866084
6.352080330866084
6.352080330866084
6.352080330866084
6.352080330866084
6.352080330866084
6.352080330866084
6.352080330866084
6.352080330866084
6.352080330866084
6.352080330866084
6.352080330866084
6.352080330866084
6.352080330866084
6.352080330866084
6.352080330866084
6.352080330866084
6.352080330866084
6.352080330866084
6.352080330866084
6.352080330866084
6.352080330866084
6.352080330866084
6.352080330866084
6.352080330866084
6.352080330866084
6.352080330866084
6.352080330866084
6.352080330866084
6.352080330866084
6.352080330866084
6.352080330866084
6.352080330866084
6.352080330866084
6.352080330866084
6.352080330866084
6.352080330866084
6.352080330866084
6.352080330866084
6.352080330866084
6.352080330866084
6.352080330866084
6.352080330866084
6.352080330866084
6.352080330866084
6.352080330866084
6.352080330866084
6.352080330866084
6.352080330866084
6.352080330866084
6.352080330866084
6.352080330866084
6.352080330866084
6.352080330866084
6.352080330866084
6.352080330866084
6.352080330866084
6.352080330866084
6.352080330866084
6.352080330866084
6.352080330866084
6.352080330866084
6.352080330866084
6.352080330866084
6.352080330866084
6.352080330866084
6.352080330866084
6.352080330866084
6.352080330866084
6.352080330866084
6.352080330866084
6.352080330866084
6.352080330866084
6.352080330866084
6.352080330866084
6.352080330866084
6.352080330866084
6.352080330866084
6.352080330866084
6.352080330866084
6.352080330866084
6.352080330866084
6.352080330866084
6.352080330866084
6.352080330866084
6.352080330866084
6.352080330866084
6.352080330866084
6.352080330866084
6.352080330866084
6.352080330866084
6.352080330866084
6.352080330866084
6.352080330866084
6.352080330866084
6.352080330866084
6.352080330866084
6.352080330866084
6.352080330866084
6.352080330866084
6.352080330866084
6.352080330866084
6.352080330866084
6.352080330866084
6.352080330866084
6.352080330866084
6.352080330866084
6.352080330866084
6.352080330866084
6.352080330866084
6.352080330866084
6.352080330866084
6.352080330866084
6.352080330866084
6.352080330866084
6.352080330866084
6.352080330866084
6.352080330866084
6.352080330866084
6.352080330866084
6.352080330866084
6.352080330866084
6.352080330866084
6.352080330866084
6.352080330866084
6.352080330866084
6.352080330866084
6.352080330866084
6.352080330866084
6.352080330866084
6.352080330866084
6.352080330866084
6.352080330866084
6.352080330866084
6.352080330866084
6.352080330866084
6.352080330866084
6.352080330866084
6.352080330866084
6.352080330866084
6.352080330866084
6.352080330866084
6.352080330866084
6.352080330866084
6.352080330866084
6.352080330866084
6.352080330866084
6.352080330866084
6.352080330866084
6.352080330866084
6.352080330866084
6.352080330866084
6.352080330866084
