1.3747942406500782
1.3747942406500782
1.3747942406500782
1.3894626522730384
1.3894626522730384
1.3894626522730384
1.3894626522730384
1.3894626522730384
1.3894626522730384
1.3894626522730384
1.3894626522730384
1.3894626522730384
1.3894626522730384
1.3894626522730384
1.3894626522730384
1.3894626522730384
1.715046077421953
1.715046077421953
1.715046077421953
1.9214640108184604
1.9214640108184604
3.195276129593546
3.195276129593546
3.195276129593546
3.195276129593546
3.195276129593546
3.195276129593546
3.195276129593546
3.195276129593546
3.195276129593546
3.195276129593546
3.195276129593546
3.195276129593546
3.195276129593546
3.195276129593546
3.195276129593546
3.195276129593546
3.195276129593546
3.195276129593546
3.195276129593546
3.195276129593546
3.195276129593546
3.195276129593546
3.195276129593546
3.195276129593546
3.195276129593546
3.195276129593546
3.195276129593546
3.195276129593546
3.195276129593546
3.195276129593546
3.195276129593546
3.195276129593546
3.195276129593546
3.195276129593546
3.195276129593546
3.195276129593546
3.195276129593546
3.195276129593546
3.195276129593546
3.195276129593546
3.195276129593546
3.195276129593546
3.195276129593546
3.195276129593546
3.195276129593546
3.195276129593546
3.195276129593546
3.195276129593546
3.195276129593546
3.195276129593546
3.195276129593546
3.195276129593546
3.195276129593546
3.195276129593546
3.195276129593546
3.195276129593546
3.195276129593546
3.195276129593546
3.195276129593546
3.195276129593546
3.195276129593546
3.195276129593546
3.195276129593546
3.195276129593546
3.195276129593546
3.195276129593546
3.195276129593546
3.195276129593546
3.195276129593546
3.195276129593546
3.195276129593546
3.195276129593546
3.195276129593546
3.195276129593546
3.195276129593546
3.195276129593546
3.195276129593546
3.195276129593546
3.195276129593546
3.195276129593546
3.195276129593546
3.195276129593546
3.195276129593546
3.195276129593546
3.195276129593546
3.195276129593546
3.195276129593546
3.195276129593546
3.195276129593546
3.195276129593546
3.195276129593546
3.195276129593546
3.195276129593546
3.195276129593546
3.195276129593546
3.195276129593546
3.195276129593546
3.195276129593546
3.195276129593546
3.195276129593546
3.195276129593546
3.195276129593546
3.195276129593546
3.195276129593546
3.195276129593546
3.195276129593546
3.195276129593546
3.195276129593546
3.195276129593546
3.195276129593546
3.195276129593546
3.195276129593546
3.195276129593546
3.195276129593546
3.195276129593546
3.195276129593546
3.195276129593546
3.195276129593546
3.195276129593546
3.195276129593546
3.195276129593546
3.195276129593546
3.195276129593546
3.195276129593546
3.195276129593546
3.195276129593546
3.195276129593546
3.195276129593546
3.195276129593546
3.195276129593546
3.195276129593546
3.195276129593546
3.195276129593546
3.195276129593546
3.195276129593546
3.195276129593546
3.195276129593546
3.195276129593546
3.195276129593546
3.195276129593546
3.195276129593546
3.195276129593546
3.195276129593546
3.195276129593546
3.195276129593546
3.195276129593546
3.195276129593546
3.195276129593546
3.195276129593546
3.195276129593546
3.195276129593546
3.195276129593546
3.195276129593546
3.195276129593546
3.195276129593546
3.195276129593546
3.195276129593546
3.195276129593546
3.195276129593546
3.195276129593546
3.195276129593546
3.195276129593546
3.195276129593546
3.195276129593546
3.195276129593546
3.195276129593546
3.195276129593546
3.195276129593546
3.195276129593546
3.195276129593546
3.195276129593546
3.195276129593546
3.195276129593546
3.195276129593546
3.195276129593546
3.195276129593546
3.195276129593546
3.195276129593546
3.195276129593546
3.195276129593546
3.195276129593546
3.195276129593546
3.195276129593546
3.195276129593546
3.195276129593546
3.195276129593546
3.195276129593546
3.195276129593546
3.195276129593546
3.195276129593546
3.195276129593546
3.195276129593546
3.195276129593546
3.195276129593546
3.195276129593546
3.195276129593546
3.195276129593546
3.195276129593546
3.195276129593546
3.195276129593546
3.195276129593546
3.195276129593546
3.195276129593546
3.195276129593546
3.195276129593546
3.195276129593546
3.195276129593546
3.195276129593546
3.195276129593546
3.195276129593546
3.195276129593546
3.195276129593546
3.195276129593546
3.195276129593546
3.195276129593546
3.195276129593546
3.195276129593546
3.195276129593546
3.195276129593546
3.195276129593546
3.195276129593546
3.195276129593546
3.195276129593546
3.195276129593546
3.195276129593546
3.195276129593546
3.195276129593546
3.195276129593546
3.195276129593546
3.195276129593546
3.195276129593546
3.195276129593546
3.195276129593546
3.195276129593546
3.195276129593546
3.195276129593546
3.195276129593546
3.195276129593546
3.195276129593546
3.195276129593546
3.195276129593546
3.485295833374895
3.485295833374895
3.485295833374895
3.534128757086557
3.534128757086557
3.534128757086557
3.534128757086557
3.534128757086557
3.534128757086557
3.534128757086557
3.534128757086557
3.534128757086557
3.534128757086557
3.534128757086557
3.534128757086557
3.534128757086557
3.534128757086557
3.534128757086557
3.534128757086557
3.534128757086557
3.534128757086557
3.534128757086557
3.534128757086557
3.534128757086557
3.534128757086557
3.534128757086557
3.534128757086557
3.534128757086557
3.534128757086557
3.534128757086557
3.534128757086557
3.534128757086557
3.534128757086557
3.534128757086557
3.534128757086557
3.534128757086557
3.534128757086557
3.534128757086557
3.534128757086557
3.534128757086557
3.534128757086557
3.534128757086557
3.534128757086557
3.534128757086557
3.534128757086557
3.584844467835041
3.584844467835041
3.584844467835041
3.584844467835041
3.584844467835041
3.584844467835041
4.042594332264537
4.042594332264537
4.042594332264537
4.042594332264537
4.042594332264537
4.042594332264537
4.042594332264537
4.042594332264537
4.042594332264537
4.042594332264537
4.042594332264537
4.042594332264537
4.042594332264537
4.042594332264537
4.042594332264537
4.042594332264537
4.042594332264537
4.042594332264537
4.042594332264537
4.042594332264537
4.042594332264537
4.042594332264537
4.042594332264537
4.042594332264537
4.042594332264537
4.042594332264537
4.042594332264537
4.042594332264537
4.042594332264537
4.042594332264537
4.042594332264537
4.042594332264537
4.042594332264537
4.042594332264537
4.042594332264537
4.042594332264537
4.042594332264537
4.042594332264537
4.042594332264537
4.042594332264537
4.042594332264537
4.042594332264537
4.042594332264537
4.042594332264537
4.042594332264537
4.042594332264537
4.042594332264537
4.042594332264537
4.042594332264537
4.042594332264537
4.042594332264537
4.042594332264537
4.042594332264537
4.042594332264537
4.042594332264537
4.042594332264537
4.042594332264537
4.042594332264537
4.042594332264537
4.042594332264537
4.042594332264537
4.042594332264537
4.042594332264537
4.042594332264537
4.042594332264537
4.042594332264537
4.042594332264537
4.042594332264537
4.042594332264537
4.042594332264537
4.042594332264537
4.042594332264537
4.042594332264537
4.042594332264537
4.042594332264537
4.042594332264537
4.042594332264537
4.042594332264537
4.042594332264537
4.042594332264537
4.042594332264537
4.042594332264537
4.042594332264537
4.042594332264537
4.042594332264537
4.042594332264537
4.042594332264537
4.042594332264537
4.042594332264537
4.042594332264537
4.042594332264537
4.042594332264537
4.042594332264537
4.042594332264537
4.042594332264537
4.042594332264537
4.042594332264537
4.042594332264537
4.042594332264537
4.042594332264537
4.042594332264537
4.042594332264537
4.042594332264537
4.042594332264537
4.042594332264537
4.042594332264537
4.042594332264537
4.042594332264537
4.042594332264537
4.042594332264537
4.042594332264537
4.042594332264537
4.042594332264537
4.042594332264537
4.042594332264537
4.042594332264537
4.042594332264537
4.042594332264537
4.042594332264537
4.042594332264537
4.042594332264537
4.042594332264537
4.042594332264537
4.042594332264537
4.042594332264537
4.042594332264537
4.042594332264537
4.042594332264537
4.042594332264537
4.042594332264537
4.042594332264537
4.042594332264537
4.042594332264537
4.042594332264537
4.042594332264537
4.042594332264537
4.042594332264537
4.042594332264537
4.042594332264537
4.042594332264537
4.042594332264537
4.042594332264537
4.042594332264537
4.042594332264537
4.042594332264537
4.042594332264537
4.042594332264537
4.042594332264537
4.042594332264537
4.042594332264537
4.042594332264537
4.042594332264537
4.042594332264537
4.042594332264537
4.042594332264537
4.042594332264537
4.042594332264537
4.042594332264537
4.042594332264537
4.042594332264537
4.042594332264537
4.042594332264537
4.042594332264537
4.042594332264537
4.042594332264537
4.042594332264537
4.042594332264537
4.042594332264537
4.535907099496519
4.535907099496519
4.535907099496519
4.535907099496519
4.535907099496519
4.535907099496519
4.535907099496519
4.535907099496519
4.535907099496519
4.535907099496519
4.535907099496519
4.535907099496519
4.535907099496519
4.535907099496519
4.535907099496519
4.535907099496519
4.535907099496519
4.535907099496519
4.535907099496519
4.535907099496519
