0.7495934848727326
0.7495934848727326
0.9524371101621465
0.9524371101621465
1.2411194369629777
1.3884423230178808
1.3884423230178808
1.3884423230178808
1.3884423230178808
1.3884423230178808
1.9415660539350106
1.9415660539350106
1.9415660539350106
1.9415660539350106
1.9415660539350106
1.9415660539350106
1.9415660539350106
1.9415660539350106
1.9415660539350106
1.9415660539350106
1.9415660539350106
1.9415660539350106
1.9415660539350106
1.9415660539350106
1.9415660539350106
1.9415660539350106
1.9415660539350106
2.593424860518938
2.593424860518938
2.593424860518938
2.593424860518938
2.593424860518938
2.593424860518938
2.593424860518938
2.593424860518938
2.593424860518938
2.593424860518938
2.593424860518938
2.593424860518938
2.593424860518938
2.593424860518938
2.593424860518938
2.593424860518938
2.593424860518938
2.593424860518938
2.593424860518938
2.593424860518938
2.6775660687105187
2.6775660687105187
2.6775660687105187
2.6775660687105187
2.6775660687105187
2.6775660687105187
2.6775660687105187
2.6775660687105187
2.6775660687105187
2.6775660687105187
2.6775660687105187
3.4270800858861747
3.4270800858861747
3.4270800858861747
3.4270800858861747
3.4270800858861747
3.4270800858861747
3.828316311345917
3.828316311345917
3.828316311345917
3.828316311345917
3.828316311345917
3.828316311345917
3.828316311345917
3.828316311345917
3.828316311345917
3.828316311345917
3.828316311345917
3.828316311345917
3.828316311345917
3.828316311345917
3.828316311345917
3.828316311345917
3.828316311345917
3.828316311345917
3.828316311345917
3.828316311345917
3.828316311345917
3.828316311345917
3.828316311345917
3.828316311345917
3.828316311345917
3.828316311345917
3.828316311345917
3.828316311345917
3.828316311345917
3.828316311345917
3.828316311345917
3.828316311345917
3.828316311345917
3.828316311345917
3.828316311345917
3.828316311345917
3.828316311345917
3.828316311345917
3.828316311345917
3.828316311345917
3.828316311345917
3.828316311345917
3.828316311345917
3.828316311345917
3.828316311345917
3.828316311345917
3.828316311345917
3.828316311345917
3.828316311345917
3.828316311345917
3.828316311345917
3.828316311345917
3.828316311345917
3.828316311345917
3.828316311345917
3.828316311345917
3.828316311345917
3.828316311345917
3.828316311345917
3.828316311345917
3.828316311345917
3.828316311345917
3.828316311345917
3.828316311345917
3.828316311345917
3.828316311345917
3.828316311345917
3.828316311345917
3.828316311345917
3.828316311345917
3.828316311345917
3.828316311345917
3.828316311345917
3.828316311345917
3.828316311345917
3.828316311345917
3.828316311345917
3.828316311345917
3.828316311345917
3.828316311345917
3.828316311345917
4.00159174382812
4.00159174382812
4.00159174382812
4.00159174382812
4.00159174382812
4.00159174382812
4.00159174382812
4.00159174382812
4.00159174382812
4.00159174382812
4.00159174382812
4.00159174382812
4.00159174382812
4.00159174382812
4.00159174382812
4.00159174382812
4.00159174382812
4.00159174382812
4.00159174382812
4.00159174382812
4.00159174382812
4.00159174382812
4.00159174382812
4.00159174382812
4.00159174382812
4.00159174382812
4.00159174382812
4.00159174382812
4.00159174382812
4.00159174382812
4.00159174382812
4.00159174382812
4.00159174382812
4.00159174382812
4.00159174382812
4.00159174382812
4.00159174382812
4.00159174382812
4.00159174382812
4.00159174382812
4.00159174382812
4.00159174382812
4.00159174382812
4.00159174382812
4.00159174382812
4.00159174382812
4.00159174382812
4.00159174382812
4.00159174382812
4.00159174382812
4.00159174382812
4.00159174382812
4.154181365327792
4.154181365327792
4.154181365327792
4.154181365327792
4.154181365327792
4.154181365327792
4.154181365327792
4.154181365327792
4.154181365327792
4.154181365327792
4.154181365327792
4.154181365327792
4.154181365327792
4.154181365327792
4.154181365327792
4.154181365327792
4.154181365327792
4.154181365327792
4.154181365327792
4.154181365327792
4.154181365327792
4.154181365327792
4.154181365327792
4.154181365327792
4.154181365327792
4.154181365327792
4.154181365327792
4.154181365327792
4.154181365327792
4.154181365327792
4.154181365327792
4.154181365327792
4.154181365327792
4.154181365327792
4.154181365327792
4.154181365327792
4.154181365327792
4.154181365327792
4.154181365327792
4.154181365327792
4.154181365327792
4.154181365327792
4.154181365327792
4.154181365327792
4.154181365327792
4.154181365327792
4.154181365327792
4.154181365327792
4.154181365327792
4.154181365327792
4.154181365327792
4.154181365327792
4.154181365327792
4.154181365327792
4.154181365327792
4.154181365327792
4.154181365327792
4.154181365327792
4.154181365327792
4.154181365327792
4.154181365327792
4.154181365327792
4.154181365327792
4.154181365327792
4.154181365327792
4.22134987325949
4.22134987325949
4.22134987325949
4.22134987325949
4.22134987325949
4.22134987325949
4.22134987325949
4.22134987325949
4.22134987325949
4.22134987325949
4.22134987325949
4.22134987325949
4.22134987325949
4.22134987325949
4.22134987325949
4.22134987325949
4.22134987325949
4.22134987325949
4.22134987325949
4.22134987325949
4.22134987325949
4.22134987325949
4.22134987325949
4.22134987325949
4.22134987325949
4.22134987325949
4.22134987325949
4.22134987325949
4.22134987325949
4.22134987325949
4.22134987325949
4.22134987325949
4.22134987325949
4.22134987325949
4.22134987325949
4.22134987325949
4.22134987325949
4.22134987325949
4.22134987325949
4.22134987325949
4.22134987325949
4.22134987325949
4.22134987325949
4.22134987325949
4.22134987325949
4.22134987325949
4.22134987325949
4.22134987325949
4.22134987325949
4.22134987325949
4.22134987325949
4.22134987325949
4.22134987325949
4.22134987325949
4.22134987325949
4.22134987325949
4.22134987325949
4.22134987325949
4.22134987325949
4.22134987325949
4.22134987325949
4.22134987325949
4.22134987325949
4.22134987325949
4.22134987325949
4.22134987325949
4.22134987325949
4.22134987325949
4.22134987325949
4.22134987325949
4.22134987325949
4.22134987325949
4.22134987325949
4.22134987325949
4.22134987325949
4.22134987325949
4.22134987325949
4.22134987325949
4.22134987325949
4.22134987325949
4.22134987325949
4.22134987325949
4.22134987325949
4.22134987325949
4.22134987325949
4.22134987325949
4.22134987325949
4.22134987325949
4.22134987325949
4.22134987325949
4.22134987325949
4.511915179129825
4.511915179129825
4.511915179129825
4.511915179129825
4.511915179129825
4.511915179129825
4.511915179129825
4.511915179129825
4.511915179129825
4.511915179129825
4.511915179129825
4.511915179129825
4.511915179129825
4.511915179129825
4.511915179129825
4.511915179129825
4.511915179129825
4.511915179129825
4.511915179129825
4.511915179129825
4.511915179129825
4.511915179129825
4.511915179129825
4.511915179129825
4.511915179129825
4.511915179129825
4.511915179129825
4.511915179129825
4.511915179129825
4.511915179129825
4.511915179129825
4.511915179129825
4.511915179129825
4.511915179129825
4.511915179129825
4.511915179129825
4.511915179129825
4.511915179129825
4.511915179129825
4.511915179129825
4.511915179129825
4.511915179129825
4.511915179129825
4.511915179129825
4.511915179129825
4.511915179129825
4.511915179129825
4.511915179129825
4.511915179129825
4.511915179129825
4.511915179129825
4.7208967654945875
4.7208967654945875
4.7208967654945875
4.7208967654945875
4.7208967654945875
4.7208967654945875
4.7208967654945875
4.7208967654945875
4.7208967654945875
4.7208967654945875
4.7208967654945875
4.7208967654945875
4.7208967654945875
4.7208967654945875
4.7208967654945875
4.7208967654945875
4.7208967654945875
4.7208967654945875
4.7208967654945875
4.7208967654945875
4.7208967654945875
4.7208967654945875
4.7208967654945875
4.7208967654945875
4.7208967654945875
4.7208967654945875
4.7208967654945875
4.7208967654945875
4.7208967654945875
4.7208967654945875
4.7208967654945875
4.7208967654945875
4.7208967654945875
4.7208967654945875
4.7208967654945875
4.7208967654945875
4.7208967654945875
4.7208967654945875
4.7208967654945875
4.7208967654945875
4.7208967654945875
4.7208967654945875
4.7208967654945875
4.7208967654945875
4.7208967654945875
4.7208967654945875
4.7208967654945875
4.7208967654945875
4.7208967654945875
4.7208967654945875
4.7208967654945875
4.7208967654945875
4.7208967654945875
4.7208967654945875
4.7208967654945875
4.7208967654945875
4.7208967654945875
4.7208967654945875
4.7208967654945875
4.7208967654945875
4.7208967654945875
4.7208967654945875
4.7208967654945875
4.7208967654945875
4.7208967654945875
4.7208967654945875
4.7208967654945875
4.7208967654945875
4.7208967654945875
4.7208967654945875
4.7208967654945875
4.7208967654945875
4.7208967654945875
4.7208967654945875
4.7208967654945875
4.7208967654945875
4.7208967654945875
4.7208967654945875
4.7208967654945875
4.7208967654945875
4.7208967654945875
4.7208967654945875
4.7208967654945875
4.7208967654945875
4.7208967654945875
4.7208967654945875
4.7208967654945875
4.7208967654945875
5.098980031980246
5.098980031980246
5.098980031980246
5.098980031980246
5.098980031980246
5.098980031980246
5.098980031980246
5.098980031980246
5.098980031980246
