0.8246582636811068
0.8246582636811068
0.8246582636811068
0.8279556349134543
0.8279556349134543
0.8279556349134543
0.8869670045704664
0.8869670045704664
0.8869670045704664
1.3499154565910798
1.3499154565910798
1.3499154565910798
1.3499154565910798
1.8197335516037443
1.8197335516037443
1.9026555448511198
1.9026555448511198
1.9026555448511198
1.9026555448511198
1.9026555448511198
1.9026555448511198
2.0461509835298557
2.0461509835298557
2.1613521306440955
2.1613521306440955
2.1613521306440955
2.1613521306440955
2.1613521306440955
2.1613521306440955
2.1613521306440955
2.1613521306440955
2.1613521306440955
2.387509211277172
2.520677770394749
2.520677770394749
2.520677770394749
2.520677770394749
2.520677770394749
2.520677770394749
2.520677770394749
2.520677770394749
2.520677770394749
2.520677770394749
2.520677770394749
2.520677770394749
2.520677770394749
2.520677770394749
2.520677770394749
2.520677770394749
2.520677770394749
2.520677770394749
2.520677770394749
2.520677770394749
2.520677770394749
2.520677770394749
2.520677770394749
2.520677770394749
2.520677770394749
2.520677770394749
2.520677770394749
2.520677770394749
2.849974769327294
2.9048494393617625
3.3686423825318976
3.3686423825318976
3.3686423825318976
3.3686423825318976
3.3686423825318976
3.3686423825318976
3.3686423825318976
3.3686423825318976
3.3686423825318976
3.3686423825318976
3.3686423825318976
3.3686423825318976
3.3686423825318976
3.3686423825318976
3.3686423825318976
3.3686423825318976
3.3686423825318976
3.3686423825318976
3.3686423825318976
3.3686423825318976
3.3686423825318976
3.3686423825318976
3.3686423825318976
3.3686423825318976
3.3686423825318976
3.3686423825318976
3.51192596315436
3.51192596315436
3.6495075540800173
3.6495075540800173
3.6495075540800173
3.8055978547813503
3.8055978547813503
3.8055978547813503
3.8055978547813503
3.8055978547813503
3.8055978547813503
3.8055978547813503
3.8055978547813503
3.8055978547813503
3.8055978547813503
3.8095177579941324
3.8095177579941324
3.8095177579941324
3.8095177579941324
3.8095177579941324
3.8095177579941324
3.8095177579941324
3.8095177579941324
3.8095177579941324
3.8095177579941324
3.8095177579941324
3.8095177579941324
3.9265899818012255
3.9265899818012255
3.9265899818012255
3.973714293045097
3.973714293045097
3.973714293045097
3.973714293045097
3.973714293045097
3.973714293045097
3.973714293045097
3.973714293045097
3.973714293045097
3.973714293045097
3.973714293045097
3.973714293045097
3.973714293045097
3.973714293045097
3.973714293045097
3.973714293045097
3.973714293045097
3.973714293045097
3.973714293045097
3.973714293045097
3.973714293045097
3.973714293045097
3.973714293045097
3.9741129206741177
3.9741129206741177
3.9741129206741177
3.9741129206741177
3.9741129206741177
3.9741129206741177
3.9741129206741177
3.9741129206741177
3.9741129206741177
3.9741129206741177
3.9741129206741177
3.9741129206741177
3.9741129206741177
3.9741129206741177
3.9741129206741177
3.9741129206741177
3.9741129206741177
3.9741129206741177
4.264771601493088
4.264771601493088
4.264771601493088
4.264771601493088
4.264771601493088
4.264771601493088
4.264771601493088
4.264771601493088
4.264771601493088
4.264771601493088
4.264771601493088
4.264771601493088
4.264771601493088
4.264771601493088
4.264771601493088
4.264771601493088
4.264771601493088
4.264771601493088
4.264771601493088
4.264771601493088
4.264771601493088
4.264771601493088
4.264771601493088
4.264771601493088
4.264771601493088
4.264771601493088
4.264771601493088
4.264771601493088
4.264771601493088
4.264771601493088
4.264771601493088
4.264771601493088
4.264771601493088
4.264771601493088
4.264771601493088
4.264771601493088
4.264771601493088
4.264771601493088
4.264771601493088
4.264771601493088
4.264771601493088
4.264771601493088
4.264771601493088
4.264771601493088
4.264771601493088
4.264771601493088
4.264771601493088
4.264771601493088
4.264771601493088
4.264771601493088
4.264771601493088
4.264771601493088
4.264771601493088
4.522007956504508
4.522007956504508
4.522007956504508
4.522007956504508
4.522007956504508
4.522007956504508
4.522007956504508
4.522007956504508
4.522007956504508
4.522007956504508
4.522007956504508
4.522007956504508
4.522007956504508
4.522007956504508
4.522007956504508
4.522007956504508
4.522007956504508
4.522007956504508
4.522007956504508
4.522007956504508
4.522007956504508
4.522007956504508
4.522007956504508
4.522007956504508
4.522007956504508
4.522007956504508
4.522007956504508
4.522007956504508
4.522007956504508
4.522007956504508
4.522007956504508
4.522007956504508
4.522007956504508
4.522007956504508
4.522007956504508
4.522007956504508
4.522007956504508
4.522007956504508
4.522007956504508
4.522007956504508
4.522007956504508
4.522007956504508
4.522007956504508
4.522007956504508
4.522007956504508
4.522007956504508
4.522007956504508
4.577037869408321
4.577037869408321
4.577037869408321
4.577037869408321
4.577037869408321
4.577037869408321
4.577037869408321
4.577037869408321
4.577037869408321
4.577037869408321
4.577037869408321
4.577037869408321
4.577037869408321
4.577037869408321
4.577037869408321
4.577037869408321
4.577037869408321
4.577037869408321
4.577037869408321
4.577037869408321
4.577037869408321
4.577037869408321
4.577037869408321
4.577037869408321
4.674254112026031
4.674254112026031
4.674254112026031
4.674254112026031
4.674254112026031
4.674254112026031
4.674254112026031
4.674254112026031
4.674254112026031
4.674254112026031
4.674254112026031
4.674254112026031
4.674254112026031
4.674254112026031
4.674254112026031
4.674254112026031
4.674254112026031
4.674254112026031
4.674254112026031
4.674254112026031
4.674254112026031
4.674254112026031
4.674254112026031
4.674254112026031
4.674254112026031
4.674254112026031
4.674254112026031
4.674254112026031
4.674254112026031
4.674254112026031
4.674254112026031
4.674254112026031
4.674254112026031
4.674254112026031
4.674254112026031
4.674254112026031
4.674254112026031
4.674254112026031
4.674254112026031
4.674254112026031
4.674254112026031
4.674254112026031
4.674254112026031
4.674254112026031
4.674254112026031
4.674254112026031
4.674254112026031
4.674254112026031
4.674254112026031
4.674254112026031
4.674254112026031
4.674254112026031
4.674254112026031
4.674254112026031
4.674254112026031
4.674254112026031
4.674254112026031
4.674254112026031
4.674254112026031
4.674254112026031
4.674254112026031
4.70295441906578
4.70295441906578
4.70295441906578
4.70295441906578
4.70295441906578
4.70295441906578
4.70295441906578
4.70295441906578
4.70295441906578
4.70295441906578
4.70295441906578
4.70295441906578
4.70295441906578
4.70295441906578
4.70295441906578
4.70295441906578
4.70295441906578
4.70295441906578
4.70295441906578
4.70295441906578
4.70295441906578
4.703085317125793
4.703085317125793
4.703085317125793
4.703085317125793
4.703085317125793
4.703085317125793
4.703085317125793
4.703085317125793
4.703085317125793
4.703085317125793
4.703085317125793
4.703085317125793
4.703085317125793
4.703085317125793
4.703085317125793
4.703085317125793
4.703085317125793
4.703085317125793
4.706057106013306
4.706057106013306
4.706057106013306
4.706057106013306
4.706057106013306
4.706057106013306
4.706057106013306
4.706057106013306
4.706057106013306
4.706057106013306
4.706057106013306
4.706057106013306
4.706057106013306
4.706057106013306
4.706057106013306
4.706057106013306
4.706057106013306
4.706057106013306
4.706057106013306
4.706057106013306
4.706057106013306
4.706057106013306
4.730804103950874
4.730804103950874
4.730804103950874
4.730804103950874
4.730804103950874
4.730804103950874
4.730804103950874
4.730804103950874
4.730804103950874
4.730804103950874
4.730804103950874
4.730804103950874
4.730804103950874
4.730804103950874
4.730804103950874
4.730804103950874
4.730804103950874
4.730804103950874
4.730804103950874
4.730804103950874
4.730804103950874
4.730804103950874
4.730804103950874
4.730804103950874
4.730804103950874
4.730804103950874
4.730804103950874
4.730804103950874
4.730804103950874
4.730804103950874
4.730804103950874
4.730804103950874
4.730804103950874
4.730804103950874
4.730804103950874
4.730804103950874
4.730804103950874
4.730804103950874
4.730804103950874
4.730804103950874
4.730804103950874
4.730804103950874
4.730804103950874
4.730804103950874
4.730804103950874
4.730804103950874
4.730804103950874
4.730804103950874
4.730804103950874
4.730804103950874
4.730804103950874
4.730804103950874
4.730804103950874
4.730804103950874
4.730804103950874
4.730804103950874
4.730804103950874
4.730804103950874
4.730804103950874
4.730804103950874
4.730804103950874
4.730804103950874
4.730804103950874
4.730804103950874
4.730804103950874
4.730804103950874
4.730804103950874
4.730804103950874
4.730804103950874
4.730804103950874
4.730804103950874
4.730804103950874
4.730804103950874
4.730804103950874
4.730804103950874
4.730804103950874
4.730804103950874
4.730804103950874
4.730804103950874
4.730804103950874
4.730804103950874
4.730804103950874
4.730804103950874
4.730804103950874
4.730804103950874
4.730804103950874
4.730804103950874
4.730804103950874
4.730804103950874
4.730804103950874
4.730804103950874
4.730804103950874
4.730804103950874
4.730804103950874
4.730804103950874
