0.9229460538896905
1.401047005243942
1.401047005243942
1.401047005243942
1.401047005243942
1.401047005243942
1.401047005243942
1.4466931426594252
2.2081936943753377
2.2081936943753377
2.2081936943753377
2.2081936943753377
2.2081936943753377
2.2081936943753377
2.2081936943753377
2.2081936943753377
2.2081936943753377
2.2081936943753377
2.2081936943753377
2.2081936943753377
2.2081936943753377
2.2081936943753377
2.4955683429737934
2.5053944593159554
2.5053944593159554
2.5053944593159554
2.5053944593159554
3.114457600611388
3.114457600611388
3.114457600611388
3.114457600611388
3.114457600611388
3.114457600611388
3.114457600611388
3.114457600611388
3.114457600611388
3.114457600611388
3.114457600611388
3.114457600611388
3.114457600611388
3.114457600611388
3.114457600611388
3.114457600611388
3.4719997243826324
3.4719997243826324
3.4719997243826324
3.4719997243826324
3.4719997243826324
3.4719997243826324
3.4719997243826324
3.4719997243826324
3.4719997243826324
3.4719997243826324
3.4719997243826324
3.5106414371432275
3.5106414371432275
3.5106414371432275
3.5106414371432275
3.5106414371432275
3.5106414371432275
3.5106414371432275
3.5106414371432275
3.5106414371432275
3.5106414371432275
4.356044715808926
4.356044715808926
4.356044715808926
4.356044715808926
4.356044715808926
4.356044715808926
4.356044715808926
4.356044715808926
4.356044715808926
4.356044715808926
4.356044715808926
4.356044715808926
4.356044715808926
4.356044715808926
4.356044715808926
4.356044715808926
4.356044715808926
4.356044715808926
4.356044715808926
4.356044715808926
4.356044715808926
4.356044715808926
4.41441102072167
4.41441102072167
4.41441102072167
4.41441102072167
4.41441102072167
4.41441102072167
4.41441102072167
4.41441102072167
4.41441102072167
4.41441102072167
4.41441102072167
4.41441102072167
4.41441102072167
4.41441102072167
4.41441102072167
4.41441102072167
4.41441102072167
4.41441102072167
4.41441102072167
4.41441102072167
4.41441102072167
4.41441102072167
4.41441102072167
4.41441102072167
4.41441102072167
4.41441102072167
4.41441102072167
4.518454004164604
4.518454004164604
4.518454004164604
4.518454004164604
4.518454004164604
4.518454004164604
4.518454004164604
4.518454004164604
4.518454004164604
4.518454004164604
4.518454004164604
4.518454004164604
4.518454004164604
4.518454004164604
4.518454004164604
4.518454004164604
4.518454004164604
4.518454004164604
4.518454004164604
4.518454004164604
4.518454004164604
4.518454004164604
4.518454004164604
4.883344135166767
4.883344135166767
4.883344135166767
4.883344135166767
4.883344135166767
4.883344135166767
4.883344135166767
4.883344135166767
4.883344135166767
4.883344135166767
4.883344135166767
4.883344135166767
4.883344135166767
4.883344135166767
4.883344135166767
4.883344135166767
4.883344135166767
4.883344135166767
4.883344135166767
4.883344135166767
4.883344135166767
4.883344135166767
4.883344135166767
4.883344135166767
4.883344135166767
4.883344135166767
4.883344135166767
4.883344135166767
4.883344135166767
4.883344135166767
4.883344135166767
4.883344135166767
4.883344135166767
4.883344135166767
4.883344135166767
4.883344135166767
4.883344135166767
4.883344135166767
4.883344135166767
4.883344135166767
4.883344135166767
4.883344135166767
4.883344135166767
4.883344135166767
4.883344135166767
4.883344135166767
4.883344135166767
4.883344135166767
4.883344135166767
4.883344135166767
4.883344135166767
4.883344135166767
4.883344135166767
4.883344135166767
4.883344135166767
4.883344135166767
4.883344135166767
4.883344135166767
4.883344135166767
4.883344135166767
4.883344135166767
4.883344135166767
4.883344135166767
4.883344135166767
4.883344135166767
4.883344135166767
4.883344135166767
4.883344135166767
4.883344135166767
4.883344135166767
4.883344135166767
4.883344135166767
4.883344135166767
4.883344135166767
4.883344135166767
4.883344135166767
4.883344135166767
4.883344135166767
4.883344135166767
4.883344135166767
4.883344135166767
4.883344135166767
4.883344135166767
4.883344135166767
4.883344135166767
4.883344135166767
4.883344135166767
4.883344135166767
4.883344135166767
4.883344135166767
4.883344135166767
4.883344135166767
4.883344135166767
4.883344135166767
4.883344135166767
4.883344135166767
4.883344135166767
4.883344135166767
4.883344135166767
4.883344135166767
4.883344135166767
4.883344135166767
4.883344135166767
4.883344135166767
4.883344135166767
4.883344135166767
4.883344135166767
4.883344135166767
4.883344135166767
4.883344135166767
4.883344135166767
4.883344135166767
4.883344135166767
4.883344135166767
4.883344135166767
4.883344135166767
4.883344135166767
4.883344135166767
4.883344135166767
4.883344135166767
4.883344135166767
4.883344135166767
4.883344135166767
4.883344135166767
4.883344135166767
4.883344135166767
4.883344135166767
4.883344135166767
4.883344135166767
4.883344135166767
4.883344135166767
4.883344135166767
4.883344135166767
4.883344135166767
4.883344135166767
4.883344135166767
4.883344135166767
4.883344135166767
4.883344135166767
4.883344135166767
4.883344135166767
4.883344135166767
4.883344135166767
4.883344135166767
4.883344135166767
4.883344135166767
4.883344135166767
4.883344135166767
4.883344135166767
4.883344135166767
4.883344135166767
4.883344135166767
4.883344135166767
4.883344135166767
4.883344135166767
4.883344135166767
4.883344135166767
4.883344135166767
4.883344135166767
4.883344135166767
4.883344135166767
4.883344135166767
4.883344135166767
4.883344135166767
4.883344135166767
4.883344135166767
4.883344135166767
4.883344135166767
4.883344135166767
4.883344135166767
4.883344135166767
4.883344135166767
4.883344135166767
4.883344135166767
4.883344135166767
4.883344135166767
4.883344135166767
4.883344135166767
4.883344135166767
4.883344135166767
4.883344135166767
4.883344135166767
4.883344135166767
4.883344135166767
4.883344135166767
4.883344135166767
4.883344135166767
4.883344135166767
4.883344135166767
4.883344135166767
4.883344135166767
4.883344135166767
4.883344135166767
4.883344135166767
4.883344135166767
4.883344135166767
4.883344135166767
4.883344135166767
4.883344135166767
4.883344135166767
4.883344135166767
4.883344135166767
4.883344135166767
4.883344135166767
4.883344135166767
4.883344135166767
4.883344135166767
4.883344135166767
4.883344135166767
4.883344135166767
4.883344135166767
4.883344135166767
4.883344135166767
4.883344135166767
4.883344135166767
4.883344135166767
4.883344135166767
4.883344135166767
4.883344135166767
4.883344135166767
4.883344135166767
4.883344135166767
4.883344135166767
4.883344135166767
4.883344135166767
4.883344135166767
4.883344135166767
4.883344135166767
4.883344135166767
4.883344135166767
4.883344135166767
4.883344135166767
4.883344135166767
4.883344135166767
4.883344135166767
4.883344135166767
4.883344135166767
4.883344135166767
4.883344135166767
4.883344135166767
4.883344135166767
4.883344135166767
4.883344135166767
4.883344135166767
4.883344135166767
4.883344135166767
4.883344135166767
4.883344135166767
4.883344135166767
4.883344135166767
4.883344135166767
4.883344135166767
4.883344135166767
4.883344135166767
4.883344135166767
4.883344135166767
4.883344135166767
4.883344135166767
4.883344135166767
4.883344135166767
4.883344135166767
4.883344135166767
4.883344135166767
4.883344135166767
4.883344135166767
4.883344135166767
4.883344135166767
4.883344135166767
4.883344135166767
4.883344135166767
4.883344135166767
4.883344135166767
4.883344135166767
4.883344135166767
4.883344135166767
4.883344135166767
4.883344135166767
4.883344135166767
4.883344135166767
4.883344135166767
4.883344135166767
4.883344135166767
4.883344135166767
4.883344135166767
4.883344135166767
4.883344135166767
4.883344135166767
4.883344135166767
4.883344135166767
4.883344135166767
4.883344135166767
4.883344135166767
4.883344135166767
4.883344135166767
4.883344135166767
4.883344135166767
4.883344135166767
4.883344135166767
4.883344135166767
4.883344135166767
4.883344135166767
4.883344135166767
4.883344135166767
4.883344135166767
4.883344135166767
4.883344135166767
4.883344135166767
4.883344135166767
4.883344135166767
4.883344135166767
4.883344135166767
4.883344135166767
4.883344135166767
4.883344135166767
4.883344135166767
4.883344135166767
4.883344135166767
4.883344135166767
4.883344135166767
4.883344135166767
4.883344135166767
4.883344135166767
4.883344135166767
4.883344135166767
4.883344135166767
4.883344135166767
4.883344135166767
4.883344135166767
4.883344135166767
4.883344135166767
4.883344135166767
4.883344135166767
4.883344135166767
4.883344135166767
4.883344135166767
4.883344135166767
4.883344135166767
4.883344135166767
4.883344135166767
4.883344135166767
4.883344135166767
4.883344135166767
4.883344135166767
4.883344135166767
4.883344135166767
4.883344135166767
4.883344135166767
4.883344135166767
4.883344135166767
4.883344135166767
4.883344135166767
4.883344135166767
4.883344135166767
4.883344135166767
4.883344135166767
4.883344135166767
4.883344135166767
4.883344135166767
4.883344135166767
4.883344135166767
4.883344135166767
4.883344135166767
4.883344135166767
4.883344135166767
4.883344135166767
