0.6500768482522429
1.2034241175867353
1.2034241175867353
1.2034241175867353
1.2034241175867353
1.2567011402883708
1.2567011402883708
1.2567011402883708
2.111627379018362
2.1396416071643847
2.1396416071643847
2.1396416071643847
2.1396416071643847
2.1396416071643847
2.1396416071643847
2.1396416071643847
2.1396416071643847
2.1396416071643847
2.1396416071643847
2.1396416071643847
2.1396416071643847
2.1396416071643847
2.1396416071643847
2.3060203334522202
2.3060203334522202
2.3060203334522202
2.3822609607999174
2.5329428514527446
2.5329428514527446
2.5329428514527446
2.5329428514527446
2.5329428514527446
3.5782228634605224
3.5782228634605224
3.5782228634605224
3.5782228634605224
3.5782228634605224
3.5782228634605224
3.5782228634605224
3.5782228634605224
3.5782228634605224
3.5782228634605224
3.5782228634605224
3.5782228634605224
3.5782228634605224
3.5782228634605224
3.5782228634605224
3.5782228634605224
3.5782228634605224
3.5782228634605224
3.5782228634605224
3.5782228634605224
3.5782228634605224
3.5782228634605224
3.5782228634605224
3.5782228634605224
3.5782228634605224
3.5782228634605224
3.5782228634605224
3.5782228634605224
3.5782228634605224
3.5782228634605224
3.5782228634605224
3.5782228634605224
3.5782228634605224
3.5782228634605224
3.5782228634605224
3.5782228634605224
3.5782228634605224
3.5782228634605224
3.5782228634605224
3.5782228634605224
3.5782228634605224
3.5782228634605224
3.5782228634605224
3.5782228634605224
3.5782228634605224
3.5782228634605224
3.5782228634605224
3.5782228634605224
3.5782228634605224
3.5782228634605224
3.5782228634605224
3.5782228634605224
3.5782228634605224
3.5782228634605224
3.5782228634605224
3.6804256356005345
3.6804256356005345
3.6804256356005345
3.6804256356005345
3.6804256356005345
3.6804256356005345
3.6804256356005345
3.6804256356005345
3.6804256356005345
3.6804256356005345
3.7646156976909806
3.7646156976909806
3.7646156976909806
3.7646156976909806
3.7646156976909806
3.7646156976909806
3.7646156976909806
3.7646156976909806
3.7646156976909806
3.7646156976909806
3.7646156976909806
3.7646156976909806
3.7646156976909806
3.7646156976909806
3.7646156976909806
3.7646156976909806
3.7646156976909806
3.7646156976909806
3.7646156976909806
3.7646156976909806
3.7646156976909806
3.7646156976909806
3.7646156976909806
3.7773844029107124
3.7773844029107124
3.7773844029107124
3.7773844029107124
3.7773844029107124
3.7773844029107124
3.7773844029107124
3.7773844029107124
3.7773844029107124
3.7773844029107124
3.7773844029107124
3.7773844029107124
3.7773844029107124
3.7773844029107124
3.7773844029107124
4.153597568864
4.153597568864
4.153597568864
4.153597568864
4.153597568864
4.153597568864
4.153597568864
4.153597568864
4.153597568864
4.153597568864
4.153597568864
4.153597568864
4.153597568864
4.153597568864
4.153597568864
4.153597568864
4.153597568864
4.153597568864
4.153597568864
4.153597568864
4.153597568864
4.153597568864
4.153597568864
4.153597568864
4.153597568864
4.153597568864
4.153597568864
4.153597568864
4.153597568864
4.153597568864
4.153597568864
4.153597568864
4.153597568864
4.153597568864
4.153597568864
4.153597568864
4.153597568864
4.153597568864
4.153597568864
4.552298306101003
4.552298306101003
4.552298306101003
4.552298306101003
4.552298306101003
4.552298306101003
4.552298306101003
4.552298306101003
4.552298306101003
4.552298306101003
4.552298306101003
4.552298306101003
4.552298306101003
4.552298306101003
4.552298306101003
4.552298306101003
4.552298306101003
4.552298306101003
4.552298306101003
4.552298306101003
4.552298306101003
4.552298306101003
4.552298306101003
4.552298306101003
4.552298306101003
4.552298306101003
5.113214732938472
5.113214732938472
5.113214732938472
5.113214732938472
5.113214732938472
5.113214732938472
5.113214732938472
5.113214732938472
5.113214732938472
5.213117453760106
5.213117453760106
5.213117453760106
5.213117453760106
5.213117453760106
5.213117453760106
5.213117453760106
5.213117453760106
5.213117453760106
5.213117453760106
5.213117453760106
5.213117453760106
5.213117453760106
5.213117453760106
5.213117453760106
5.213117453760106
5.213117453760106
5.213117453760106
5.213117453760106
5.213117453760106
5.213117453760106
5.213117453760106
5.213117453760106
5.213117453760106
5.213117453760106
5.213117453760106
5.213117453760106
5.213117453760106
5.213117453760106
5.213117453760106
5.213117453760106
5.213117453760106
5.213117453760106
5.213117453760106
5.213117453760106
5.213117453760106
5.213117453760106
5.213117453760106
5.213117453760106
5.213117453760106
5.213117453760106
5.213117453760106
5.213117453760106
5.213117453760106
5.213117453760106
5.213117453760106
5.213117453760106
5.213117453760106
5.213117453760106
5.213117453760106
5.213117453760106
6.527771404715259
6.527771404715259
6.527771404715259
6.527771404715259
6.527771404715259
6.527771404715259
6.527771404715259
6.527771404715259
6.527771404715259
6.527771404715259
6.527771404715259
6.527771404715259
6.527771404715259
6.527771404715259
6.527771404715259
6.527771404715259
6.527771404715259
6.527771404715259
6.527771404715259
6.527771404715259
6.527771404715259
6.527771404715259
6.527771404715259
6.527771404715259
6.527771404715259
6.527771404715259
6.527771404715259
6.527771404715259
6.527771404715259
6.527771404715259
6.527771404715259
6.527771404715259
6.527771404715259
6.527771404715259
6.527771404715259
6.527771404715259
6.527771404715259
6.527771404715259
6.527771404715259
6.527771404715259
6.527771404715259
6.527771404715259
6.527771404715259
6.527771404715259
6.527771404715259
6.527771404715259
6.527771404715259
6.527771404715259
6.527771404715259
6.527771404715259
6.527771404715259
6.527771404715259
6.527771404715259
6.527771404715259
6.527771404715259
6.527771404715259
6.527771404715259
6.527771404715259
6.527771404715259
6.527771404715259
6.527771404715259
6.527771404715259
6.527771404715259
6.527771404715259
6.527771404715259
6.527771404715259
6.527771404715259
6.527771404715259
6.527771404715259
6.527771404715259
6.527771404715259
6.527771404715259
6.527771404715259
6.527771404715259
6.527771404715259
6.527771404715259
6.527771404715259
6.527771404715259
6.527771404715259
6.527771404715259
6.527771404715259
6.527771404715259
6.527771404715259
6.527771404715259
6.527771404715259
6.527771404715259
6.527771404715259
6.527771404715259
6.527771404715259
6.527771404715259
6.527771404715259
6.527771404715259
6.527771404715259
6.527771404715259
6.527771404715259
6.527771404715259
6.527771404715259
6.527771404715259
6.527771404715259
6.527771404715259
6.527771404715259
6.527771404715259
6.527771404715259
6.527771404715259
6.527771404715259
6.527771404715259
6.527771404715259
6.527771404715259
6.527771404715259
6.527771404715259
6.527771404715259
6.527771404715259
6.527771404715259
6.527771404715259
6.527771404715259
6.527771404715259
6.527771404715259
6.527771404715259
6.527771404715259
6.527771404715259
6.527771404715259
6.527771404715259
6.527771404715259
6.527771404715259
6.527771404715259
6.527771404715259
6.527771404715259
6.527771404715259
6.527771404715259
6.527771404715259
6.527771404715259
6.527771404715259
6.527771404715259
6.527771404715259
6.527771404715259
6.527771404715259
6.527771404715259
6.527771404715259
6.527771404715259
6.527771404715259
6.527771404715259
6.527771404715259
6.527771404715259
6.527771404715259
6.527771404715259
6.527771404715259
6.527771404715259
6.527771404715259
6.527771404715259
6.527771404715259
6.527771404715259
6.527771404715259
6.527771404715259
6.527771404715259
6.527771404715259
6.527771404715259
6.527771404715259
6.527771404715259
6.527771404715259
6.527771404715259
6.527771404715259
6.527771404715259
6.527771404715259
6.527771404715259
6.527771404715259
6.527771404715259
6.527771404715259
6.527771404715259
6.527771404715259
6.527771404715259
6.527771404715259
6.527771404715259
6.527771404715259
6.527771404715259
6.527771404715259
6.527771404715259
6.527771404715259
6.527771404715259
6.527771404715259
6.527771404715259
6.527771404715259
6.527771404715259
6.527771404715259
6.527771404715259
6.527771404715259
6.527771404715259
6.527771404715259
6.760842139848703
6.760842139848703
6.760842139848703
6.760842139848703
6.760842139848703
6.760842139848703
6.760842139848703
6.760842139848703
6.760842139848703
6.760842139848703
6.760842139848703
6.760842139848703
6.760842139848703
6.760842139848703
6.760842139848703
6.760842139848703
6.760842139848703
6.760842139848703
6.760842139848703
6.760842139848703
6.760842139848703
6.760842139848703
6.760842139848703
6.760842139848703
6.760842139848703
6.760842139848703
6.760842139848703
6.760842139848703
6.760842139848703
6.760842139848703
6.760842139848703
6.760842139848703
6.760842139848703
6.760842139848703
6.760842139848703
6.760842139848703
6.760842139848703
6.760842139848703
6.760842139848703
6.760842139848703
6.760842139848703
6.760842139848703
6.760842139848703
6.760842139848703
6.760842139848703
6.760842139848703
6.760842139848703
6.760842139848703
6.760842139848703
6.760842139848703
6.760842139848703
6.760842139848703
6.760842139848703
6.760842139848703
