0.6678941018598122
0.7701414042738827
0.7701414042738827
0.7701414042738827
0.9810836818207473
1.32585512908567
1.32585512908567
1.9998000007502568
1.9998000007502568
1.9998000007502568
1.9998000007502568
2.623481021917508
2.623481021917508
2.623481021917508
2.623481021917508
2.623481021917508
2.623481021917508
2.623481021917508
2.623481021917508
2.623481021917508
2.623481021917508
2.623481021917508
2.623481021917508
2.623481021917508
2.623481021917508
3.32116716484119
3.32116716484119
3.32116716484119
3.32116716484119
3.32116716484119
3.32116716484119
3.32116716484119
3.32116716484119
3.32116716484119
3.32116716484119
3.32116716484119
3.32116716484119
3.32116716484119
3.32116716484119
3.32116716484119
3.32116716484119
3.32116716484119
3.32116716484119
3.32116716484119
3.32116716484119
3.32116716484119
3.32116716484119
3.32116716484119
3.32116716484119
3.32116716484119
3.32116716484119
3.32116716484119
3.32116716484119
3.32116716484119
3.32116716484119
3.32116716484119
3.32116716484119
3.32116716484119
3.5062971990807066
3.5062971990807066
3.5062971990807066
3.5062971990807066
3.5062971990807066
3.5062971990807066
3.5062971990807066
3.5062971990807066
3.5062971990807066
3.5062971990807066
3.5062971990807066
3.5062971990807066
3.5062971990807066
3.5062971990807066
3.5062971990807066
3.5062971990807066
3.5062971990807066
3.5062971990807066
3.5062971990807066
3.5062971990807066
3.5062971990807066
3.5062971990807066
3.5062971990807066
3.5062971990807066
3.5062971990807066
3.5062971990807066
3.5062971990807066
3.5062971990807066
3.5062971990807066
3.5062971990807066
3.5062971990807066
3.5062971990807066
3.5062971990807066
3.5062971990807066
3.5062971990807066
3.5062971990807066
3.5062971990807066
3.5062971990807066
3.5062971990807066
3.5062971990807066
3.5062971990807066
3.524121508444492
3.524121508444492
3.524121508444492
3.524121508444492
3.524121508444492
3.524121508444492
3.524121508444492
3.524121508444492
3.524121508444492
3.524121508444492
3.524121508444492
3.524121508444492
3.524121508444492
3.524121508444492
3.524121508444492
3.524121508444492
3.524121508444492
3.524121508444492
3.524121508444492
3.524121508444492
3.9524197779309826
3.9524197779309826
3.9524197779309826
3.9524197779309826
3.9524197779309826
3.9524197779309826
3.994111489715612
4.014199919495887
4.014199919495887
4.014199919495887
4.014199919495887
4.014199919495887
4.014199919495887
4.014199919495887
4.014199919495887
4.014199919495887
4.014199919495887
4.014199919495887
4.014199919495887
4.014199919495887
4.014199919495887
4.014199919495887
4.014199919495887
4.014199919495887
4.014199919495887
4.014199919495887
4.014199919495887
4.014199919495887
4.014199919495887
4.014199919495887
4.014199919495887
4.014199919495887
4.014199919495887
4.014199919495887
4.014199919495887
4.014199919495887
4.014199919495887
4.014199919495887
4.014199919495887
4.014199919495887
4.014199919495887
4.014199919495887
4.014199919495887
4.014199919495887
4.014199919495887
4.043283593021389
4.043283593021389
4.043283593021389
4.043283593021389
4.043283593021389
4.043283593021389
4.043283593021389
4.356299905310594
4.356299905310594
4.356299905310594
4.356299905310594
4.356299905310594
4.356299905310594
4.356299905310594
4.356299905310594
4.356299905310594
4.356299905310594
4.356299905310594
4.356299905310594
4.356299905310594
4.356299905310594
4.356299905310594
4.356299905310594
4.356299905310594
4.356299905310594
4.356299905310594
4.356299905310594
4.356299905310594
4.356299905310594
4.356299905310594
4.356299905310594
4.356299905310594
4.356299905310594
4.356299905310594
4.356299905310594
4.356299905310594
4.356299905310594
4.356299905310594
4.356299905310594
4.356299905310594
4.356299905310594
4.356299905310594
4.356299905310594
4.356299905310594
4.356299905310594
4.356299905310594
4.356299905310594
4.356299905310594
4.356299905310594
4.356299905310594
4.356299905310594
4.356299905310594
4.356299905310594
4.356299905310594
4.356299905310594
4.356299905310594
4.356299905310594
4.705781196386589
4.705781196386589
4.705781196386589
4.705781196386589
4.705781196386589
4.705781196386589
4.705781196386589
4.705781196386589
4.705781196386589
4.705781196386589
4.705781196386589
4.705781196386589
4.705781196386589
4.705781196386589
4.705781196386589
4.705781196386589
4.705781196386589
4.705781196386589
4.705781196386589
4.705781196386589
4.705781196386589
4.705781196386589
4.705781196386589
4.705781196386589
4.705781196386589
4.705781196386589
4.705781196386589
4.705781196386589
4.705781196386589
4.705781196386589
4.705781196386589
4.705781196386589
4.705781196386589
4.705781196386589
4.705781196386589
4.705781196386589
4.705781196386589
4.705781196386589
4.705781196386589
4.705781196386589
4.705781196386589
4.705781196386589
4.705781196386589
4.705781196386589
4.705781196386589
4.705781196386589
4.705781196386589
4.705781196386589
4.705781196386589
4.705781196386589
4.705781196386589
4.705781196386589
4.705781196386589
4.705781196386589
4.705781196386589
4.705781196386589
4.705781196386589
4.705781196386589
4.705781196386589
4.705781196386589
4.705781196386589
4.705781196386589
4.705781196386589
4.705781196386589
4.705781196386589
4.705781196386589
4.705781196386589
4.705781196386589
4.705781196386589
4.705781196386589
4.705781196386589
4.705781196386589
4.705781196386589
4.705781196386589
4.705781196386589
4.705781196386589
4.705781196386589
4.705781196386589
4.705781196386589
4.705781196386589
4.705781196386589
4.705781196386589
4.705781196386589
4.705781196386589
4.705781196386589
4.705781196386589
4.711303051088163
4.711303051088163
4.711303051088163
4.711303051088163
4.711303051088163
4.711303051088163
4.711303051088163
4.711303051088163
4.711303051088163
4.711303051088163
4.711303051088163
4.711303051088163
4.711303051088163
4.711303051088163
4.711303051088163
4.711303051088163
4.711303051088163
4.711303051088163
4.711303051088163
4.711303051088163
4.711303051088163
4.711303051088163
5.017322426213536
5.017322426213536
5.017322426213536
5.017322426213536
5.017322426213536
5.017322426213536
5.017322426213536
5.017322426213536
5.017322426213536
5.017322426213536
5.017322426213536
5.017322426213536
5.017322426213536
5.017322426213536
5.017322426213536
5.017322426213536
5.017322426213536
5.017322426213536
5.017322426213536
5.017322426213536
5.017322426213536
5.017322426213536
5.017322426213536
5.017322426213536
5.017322426213536
5.017322426213536
5.017322426213536
5.017322426213536
5.017322426213536
5.017322426213536
5.017322426213536
5.017322426213536
5.017322426213536
5.017322426213536
5.017322426213536
5.017322426213536
5.017322426213536
5.017322426213536
5.017322426213536
5.017322426213536
5.017322426213536
5.017322426213536
5.017322426213536
5.017322426213536
5.017322426213536
5.017322426213536
5.017322426213536
5.017322426213536
5.017322426213536
5.017322426213536
5.017322426213536
5.017322426213536
5.017322426213536
5.017322426213536
5.017322426213536
5.017322426213536
5.017322426213536
5.017322426213536
5.017322426213536
5.017322426213536
5.017322426213536
5.017322426213536
5.017322426213536
5.017322426213536
5.017322426213536
5.017322426213536
5.017322426213536
5.017322426213536
5.017322426213536
5.017322426213536
5.017322426213536
5.017322426213536
5.017322426213536
5.017322426213536
5.017322426213536
5.017322426213536
5.017322426213536
5.017322426213536
5.017322426213536
5.017322426213536
5.017322426213536
5.017322426213536
5.017322426213536
5.017322426213536
5.017322426213536
5.017322426213536
5.017322426213536
5.017322426213536
5.017322426213536
5.017322426213536
5.017322426213536
5.017322426213536
5.017322426213536
5.017322426213536
5.017322426213536
5.017322426213536
5.017322426213536
5.017322426213536
5.017322426213536
5.017322426213536
5.017322426213536
5.017322426213536
5.017322426213536
5.017322426213536
5.017322426213536
5.017322426213536
5.017322426213536
5.017322426213536
5.017322426213536
5.017322426213536
5.017322426213536
5.017322426213536
5.017322426213536
5.017322426213536
5.017322426213536
5.017322426213536
5.017322426213536
5.017322426213536
5.017322426213536
5.017322426213536
5.017322426213536
5.017322426213536
5.017322426213536
5.017322426213536
5.017322426213536
5.017322426213536
5.017322426213536
5.017322426213536
5.017322426213536
5.017322426213536
5.017322426213536
5.017322426213536
5.017322426213536
5.017322426213536
5.017322426213536
5.017322426213536
5.017322426213536
5.017322426213536
5.017322426213536
5.017322426213536
5.017322426213536
5.017322426213536
5.017322426213536
5.017322426213536
5.017322426213536
5.017322426213536
5.017322426213536
5.017322426213536
5.017322426213536
5.017322426213536
5.017322426213536
5.017322426213536
5.017322426213536
5.017322426213536
5.017322426213536
5.017322426213536
5.017322426213536
5.017322426213536
5.017322426213536
5.017322426213536
5.017322426213536
5.017322426213536
5.017322426213536
5.017322426213536
5.017322426213536
5.017322426213536
5.017322426213536
5.017322426213536
5.017322426213536
5.017322426213536
5.017322426213536
5.017322426213536
