0.8795004422120047
0.8795004422120047
0.9189702558395069
1.2257883108335341
1.2257883108335341
1.2257883108335341
1.2259024133981835
1.2259024133981835
1.2259024133981835
1.2668067672818102
1.5408493437772972
1.5408493437772972
1.797800900510648
1.797800900510648
1.797800900510648
1.797800900510648
1.8748082114341929
1.8748082114341929
1.8748082114341929
1.8748082114341929
1.8748082114341929
1.8748082114341929
2.2158472262926594
2.2158472262926594
2.2158472262926594
2.2158472262926594
2.2158472262926594
2.2158472262926594
2.2158472262926594
2.2158472262926594
2.2158472262926594
2.2158472262926594
2.2158472262926594
2.2158472262926594
2.2158472262926594
2.2158472262926594
2.2158472262926594
2.2158472262926594
2.2158472262926594
2.2158472262926594
3.367909244256166
3.367909244256166
3.367909244256166
3.367909244256166
3.367909244256166
3.367909244256166
3.367909244256166
3.367909244256166
3.367909244256166
3.367909244256166
3.367909244256166
3.367909244256166
3.367909244256166
3.367909244256166
3.367909244256166
3.367909244256166
3.367909244256166
3.367909244256166
3.367909244256166
3.367909244256166
3.367909244256166
3.367909244256166
3.367909244256166
3.367909244256166
3.367909244256166
3.367909244256166
3.367909244256166
3.367909244256166
3.367909244256166
3.367909244256166
3.367909244256166
3.367909244256166
3.367909244256166
3.729355666903567
3.729355666903567
3.729355666903567
3.729355666903567
3.729355666903567
3.729355666903567
3.729355666903567
3.729355666903567
3.729355666903567
3.729355666903567
3.729355666903567
3.729355666903567
3.729355666903567
3.729355666903567
3.729355666903567
3.729355666903567
3.729355666903567
3.729355666903567
3.729355666903567
3.729355666903567
3.729355666903567
3.729355666903567
3.729355666903567
3.729355666903567
3.729355666903567
3.729355666903567
3.729355666903567
3.729355666903567
3.729355666903567
3.729355666903567
3.729355666903567
3.729355666903567
3.729355666903567
3.729355666903567
3.729355666903567
3.729355666903567
3.729355666903567
3.729355666903567
3.729355666903567
3.729355666903567
3.729355666903567
3.729355666903567
3.729355666903567
3.729355666903567
3.729355666903567
3.729355666903567
3.729355666903567
3.729355666903567
3.729355666903567
3.729355666903567
3.729355666903567
3.729355666903567
3.729355666903567
3.729355666903567
3.729355666903567
3.729355666903567
3.729355666903567
3.729355666903567
3.729355666903567
3.729355666903567
3.729355666903567
3.729355666903567
4.347167561141754
4.347167561141754
4.347167561141754
4.347167561141754
4.347167561141754
4.347167561141754
4.347167561141754
4.347167561141754
4.347167561141754
4.347167561141754
4.347167561141754
4.347167561141754
4.347167561141754
4.347167561141754
4.347167561141754
4.347167561141754
4.347167561141754
4.347167561141754
4.347167561141754
4.347167561141754
4.347167561141754
4.347167561141754
4.347167561141754
4.347167561141754
4.347167561141754
4.347167561141754
4.347167561141754
4.347167561141754
4.347167561141754
4.347167561141754
4.347167561141754
4.347167561141754
4.347167561141754
4.347167561141754
4.347167561141754
4.347167561141754
4.347167561141754
4.347167561141754
4.347167561141754
4.347167561141754
4.347167561141754
4.347167561141754
4.347167561141754
4.347167561141754
4.347167561141754
4.347167561141754
4.347167561141754
4.347167561141754
4.347167561141754
4.347167561141754
4.347167561141754
4.347167561141754
4.347167561141754
4.347167561141754
4.347167561141754
4.347167561141754
4.347167561141754
4.347167561141754
4.347167561141754
4.347167561141754
4.347167561141754
4.347167561141754
4.347167561141754
4.347167561141754
4.347167561141754
4.347167561141754
4.347167561141754
4.347167561141754
4.347167561141754
4.347167561141754
4.347167561141754
4.347167561141754
4.347167561141754
4.347167561141754
4.347167561141754
4.347167561141754
4.347167561141754
4.347167561141754
4.347167561141754
4.347167561141754
4.347167561141754
4.347167561141754
4.347167561141754
4.347167561141754
4.347167561141754
4.347167561141754
4.347167561141754
4.347167561141754
4.347167561141754
4.347167561141754
4.347167561141754
4.347167561141754
4.347167561141754
4.347167561141754
4.347167561141754
4.347167561141754
4.347167561141754
4.347167561141754
4.347167561141754
4.347167561141754
4.347167561141754
4.347167561141754
4.347167561141754
4.347167561141754
4.347167561141754
4.347167561141754
4.347167561141754
4.347167561141754
4.347167561141754
4.347167561141754
4.347167561141754
4.347167561141754
4.347167561141754
4.347167561141754
4.347167561141754
4.347167561141754
4.347167561141754
4.347167561141754
4.347167561141754
4.347167561141754
4.347167561141754
4.347167561141754
4.347167561141754
4.347167561141754
4.347167561141754
4.347167561141754
4.347167561141754
4.347167561141754
4.347167561141754
4.347167561141754
4.347167561141754
4.347167561141754
4.347167561141754
4.347167561141754
4.347167561141754
4.347167561141754
4.347167561141754
4.347167561141754
4.347167561141754
4.347167561141754
4.347167561141754
4.347167561141754
4.347167561141754
4.347167561141754
4.347167561141754
4.347167561141754
4.347167561141754
4.347167561141754
4.347167561141754
4.347167561141754
4.347167561141754
4.347167561141754
4.347167561141754
4.347167561141754
4.347167561141754
4.347167561141754
4.347167561141754
4.347167561141754
4.347167561141754
4.347167561141754
4.347167561141754
4.347167561141754
4.347167561141754
4.347167561141754
4.347167561141754
4.347167561141754
4.347167561141754
4.347167561141754
4.347167561141754
4.347167561141754
4.347167561141754
4.347167561141754
4.347167561141754
4.347167561141754
4.347167561141754
4.347167561141754
4.347167561141754
4.347167561141754
4.347167561141754
4.347167561141754
4.347167561141754
4.347167561141754
4.347167561141754
4.347167561141754
4.347167561141754
4.347167561141754
4.347167561141754
4.347167561141754
4.347167561141754
4.347167561141754
4.347167561141754
4.347167561141754
4.347167561141754
4.347167561141754
4.347167561141754
4.347167561141754
4.347167561141754
4.347167561141754
4.347167561141754
4.347167561141754
4.347167561141754
4.347167561141754
4.762863169800262
4.762863169800262
4.762863169800262
4.762863169800262
4.762863169800262
4.762863169800262
4.762863169800262
4.762863169800262
4.762863169800262
4.762863169800262
4.762863169800262
4.762863169800262
4.762863169800262
4.762863169800262
4.762863169800262
4.762863169800262
4.762863169800262
4.762863169800262
4.762863169800262
4.762863169800262
4.762863169800262
4.762863169800262
4.762863169800262
4.762863169800262
4.762863169800262
4.762863169800262
4.762863169800262
4.762863169800262
4.762863169800262
4.762863169800262
4.762863169800262
4.762863169800262
4.762863169800262
4.762863169800262
4.762863169800262
4.762863169800262
4.762863169800262
4.762863169800262
4.762863169800262
4.762863169800262
4.762863169800262
4.762863169800262
4.762863169800262
4.762863169800262
4.762863169800262
4.762863169800262
4.762863169800262
4.762863169800262
4.762863169800262
4.762863169800262
4.762863169800262
4.762863169800262
4.762863169800262
4.762863169800262
4.762863169800262
4.762863169800262
4.762863169800262
4.762863169800262
4.762863169800262
4.762863169800262
4.762863169800262
4.762863169800262
4.762863169800262
4.762863169800262
4.762863169800262
4.762863169800262
4.762863169800262
4.762863169800262
4.762863169800262
4.762863169800262
4.762863169800262
4.762863169800262
4.762863169800262
4.762863169800262
4.762863169800262
4.762863169800262
4.762863169800262
4.762863169800262
4.762863169800262
4.762863169800262
4.762863169800262
4.762863169800262
4.762863169800262
4.762863169800262
4.762863169800262
4.762863169800262
4.762863169800262
4.762863169800262
4.762863169800262
4.762863169800262
4.762863169800262
4.762863169800262
4.762863169800262
4.762863169800262
4.762863169800262
4.762863169800262
4.762863169800262
4.762863169800262
4.762863169800262
4.762863169800262
4.762863169800262
4.762863169800262
4.762863169800262
4.762863169800262
4.762863169800262
4.762863169800262
4.762863169800262
4.762863169800262
4.762863169800262
4.762863169800262
4.762863169800262
4.762863169800262
4.762863169800262
4.762863169800262
4.762863169800262
4.762863169800262
4.762863169800262
4.762863169800262
4.762863169800262
4.762863169800262
4.762863169800262
4.762863169800262
4.762863169800262
4.762863169800262
4.762863169800262
4.762863169800262
4.762863169800262
4.762863169800262
4.762863169800262
4.762863169800262
4.762863169800262
4.762863169800262
4.762863169800262
4.762863169800262
4.762863169800262
4.762863169800262
4.762863169800262
4.762863169800262
4.762863169800262
4.762863169800262
4.762863169800262
4.762863169800262
4.762863169800262
4.762863169800262
4.762863169800262
4.762863169800262
4.762863169800262
4.762863169800262
4.762863169800262
4.762863169800262
4.762863169800262
4.762863169800262
4.762863169800262
4.762863169800262
4.762863169800262
4.762863169800262
4.762863169800262
4.762863169800262
4.762863169800262
4.762863169800262
4.762863169800262
4.762863169800262
4.762863169800262
4.762863169800262
